-0.00 -1.20 0.00
-0.77 1.35 1.00
0.25 0.83 1.00
-0.96 1.33 1.00
-0.46 -0.27 0.00
0.23 0.84 1.00
-1.28 1.27 1.00
0.19 -1.43 0.00
0.35 1.04 1.00
-0.07 1.17 1.00
-1.10 1.24 1.00
0.08 -1.34 0.00
1.23 -1.39 0.00
1.03 -1.22 0.00
0.59 -1.64 0.00
0.66 -0.57 1.00
-0.65 1.48 1.00
1.43 -0.85 0.00
-0.33 -0.77 0.00
0.56 -1.45 0.00
1.73 0.20 0.00
0.73 -1.61 0.00
-0.48 1.49 1.00
0.25 -1.51 0.00
-1.77 0.28 1.00
-0.03 -1.25 0.00
-0.36 1.41 1.00
-0.44 -0.46 0.00
1.72 0.39 0.00
0.16 1.00 1.00
0.66 -1.48 0.00
-0.75 1.61 1.00
-0.13 1.47 1.00
-0.78 1.39 1.00
0.90 -1.30 0.00
-1.70 -0.30 1.00
1.71 0.43 0.00
-0.43 -0.73 0.00
-0.06 -1.09 0.00
0.13 0.95 1.00
-1.62 0.53 1.00
-0.57 1.45 1.00
1.52 -0.50 0.00
1.70 0.13 0.00
0.45 -1.63 0.00
-0.56 1.54 1.00
1.68 -0.20 0.00
-0.04 1.26 1.00
-0.09 1.48 1.00
0.20 1.08 1.00
0.06 1.16 1.00
0.18 0.86 1.00
-0.38 -0.26 0.00
1.75 0.08 0.00
1.77 0.28 0.00
-1.39 1.11 1.00
0.26 -1.41 0.00
-1.79 0.08 1.00
0.05 0.92 1.00
-1.42 0.78 1.00
-0.67 1.59 1.00
-0.06 1.14 1.00
0.46 0.33 1.00
-0.23 -0.75 0.00
-0.18 -1.05 0.00
0.16 -1.36 0.00
-0.70 1.26 1.00
0.61 -0.44 1.00
1.15 -1.29 0.00
0.64 -1.49 0.00
-0.40 -0.22 0.00
0.23 0.97 1.00
-0.19 1.51 1.00
0.10 1.06 1.00
0.02 1.32 1.00
-0.59 0.60 0.00
-0.14 -0.93 0.00
-0.12 1.26 1.00
-0.48 0.31 0.00
0.50 0.00 1.00
-0.13 -0.93 0.00
-1.21 1.05 1.00
0.12 -1.46 0.00
-0.19 -0.94 0.00
1.58 -0.36 0.00
-0.30 -0.61 0.00
-0.78 1.53 1.00
0.11 -1.31 0.00
0.09 -1.22 0.00
1.79 -0.17 0.00
0.13 1.04 1.00
-0.56 1.39 1.00
0.51 0.06 1.00
-0.04 -1.30 0.00
1.26 -1.36 0.00
1.15 -1.27 0.00
1.41 -0.77 0.00
1.24 -1.08 0.00
-0.55 0.64 0.00
0.36 0.65 1.00
-0.51 0.04 0.00
1.52 -0.62 0.00
0.70 -1.42 0.00
-0.10 1.56 1.00
0.27 1.01 1.00
0.43 0.51 1.00
0.33 -1.45 0.00
0.53 -1.64 0.00
-0.70 1.41 1.00
-0.66 1.50 1.00
1.01 -1.43 0.00
1.43 -1.29 0.00
0.16 -1.51 0.00
-0.48 -0.51 0.00
-0.53 -0.32 0.00
1.24 -1.09 0.00
-0.81 1.63 1.00
0.57 -0.22 1.00
-0.20 -0.75 0.00
-0.27 1.54 1.00
-0.46 -0.64 0.00
1.34 -1.15 0.00
1.67 -0.24 0.00
0.56 -1.48 0.00
-0.39 -0.54 0.00
0.45 -1.64 0.00
1.34 -1.23 0.00
-1.50 0.81 1.00
-1.60 0.65 1.00
-0.35 -0.93 0.00
-0.07 -1.26 0.00
1.20 -1.10 0.00
0.33 0.80 1.00
-1.70 0.35 1.00
1.79 0.39 0.00
-0.46 -0.23 0.00
-1.61 0.53 1.00
-0.45 -0.20 0.00
-0.42 -0.71 0.00
1.26 -1.14 0.00
0.16 -1.11 0.00
-1.65 0.29 1.00
-0.07 -1.39 0.00
-0.41 -0.29 0.00
-1.63 0.36 1.00
0.53 -1.38 0.00
-0.83 1.49 1.00
0.35 -1.40 0.00
-1.77 -0.41 1.00
0.63 -0.09 1.00
1.51 -0.35 0.00
1.45 -0.52 0.00
0.46 0.66 1.00
-0.59 0.30 0.00
-1.52 0.39 1.00
-0.35 -0.86 0.00
1.40 -1.11 0.00
-1.69 -0.06 1.00
0.64 -1.69 0.00
0.01 1.28 1.00
0.06 1.14 1.00
-0.23 -0.90 0.00
1.14 -1.26 0.00
0.39 0.53 1.00
0.18 -1.36 0.00
0.85 -1.35 0.00
0.36 0.34 1.00
0.28 0.89 1.00
0.52 0.39 1.00
0.64 -0.25 1.00
0.02 1.29 1.00
1.46 -0.61 0.00
-0.34 -0.83 0.00
0.28 0.86 1.00
-0.27 1.38 1.00
-0.18 -1.03 0.00
1.12 -1.32 0.00
-1.16 1.22 1.00
1.63 -0.03 0.00
-0.57 -0.15 0.00
-1.21 0.85 1.00
0.54 -0.08 1.00
0.49 -0.28 1.00
0.71 -1.52 0.00
-0.10 1.58 1.00
-1.62 0.63 1.00
-0.43 1.47 1.00
-0.28 -0.85 0.00
1.78 -0.14 0.00
0.19 1.08 1.00
0.62 -0.41 1.00
-1.66 0.43 1.00
0.46 -1.68 0.00
-1.67 0.36 1.00
-0.61 1.52 1.00
-0.14 -1.21 0.00
-0.37 1.46 1.00
1.74 0.02 0.00
-1.05 1.29 1.00
0.93 -1.53 0.00
-1.80 -0.43 1.00
-1.42 1.12 1.00
1.63 -0.14 0.00
0.44 -1.41 0.00
0.41 0.33 1.00
-1.00 1.45 1.00
0.96 -1.29 0.00
-0.60 -0.15 0.00
-0.04 -1.19 0.00
-1.14 1.24 1.00
1.25 -1.18 0.00
0.21 -1.55 0.00
-1.07 1.19 1.00
1.78 -0.27 0.00
-0.60 -0.09 0.00
-0.53 0.37 0.00
1.05 -1.16 0.00
-0.30 -0.81 0.00
0.06 1.09 1.00
-0.09 1.37 1.00
0.57 0.13 1.00
-1.65 -0.05 1.00
0.54 -0.20 1.00
-0.15 1.27 1.00
1.69 0.06 0.00
1.02 -1.37 0.00
1.47 -0.67 0.00
0.90 -1.46 0.00
-0.95 1.39 1.00
-1.55 0.70 1.00
1.52 -0.20 0.00
-0.92 1.44 1.00
-0.25 -1.00 0.00
-0.53 1.25 1.00
-1.59 0.62 1.00
-0.04 -1.32 0.00
-1.75 -0.31 1.00
0.79 -1.52 0.00
0.65 -0.10 1.00
-0.59 1.48 1.00
-0.88 1.38 1.00
-0.03 1.28 1.00
-1.61 0.24 1.00
-1.69 -0.11 1.00
-0.48 0.11 0.00
-0.75 1.50 1.00
-0.42 -0.56 0.00
-0.18 -0.41 0.00
0.33 -1.56 0.00
1.45 -0.78 0.00
-0.14 1.42 1.00
-0.24 -0.88 0.00
-1.23 1.05 1.00
-0.67 0.03 0.00
-1.61 0.31 1.00
-1.42 0.88 1.00
-0.67 1.49 1.00
-0.16 -0.87 0.00
-0.05 -1.31 0.00
-0.38 1.48 1.00
0.28 -1.45 0.00
0.58 -0.02 1.00
-1.07 1.34 1.00
1.38 -1.13 0.00
1.65 0.25 0.00
0.50 0.41 1.00
1.77 0.64 0.00
0.55 -0.26 1.00
-0.04 -1.36 0.00
-1.27 1.01 1.00
-1.22 1.11 1.00
0.08 1.18 1.00
-0.11 -1.07 0.00
0.99 -1.42 0.00
-0.46 1.54 1.00
-1.60 0.58 1.00
-0.48 -0.73 0.00
-0.90 1.47 1.00
-0.03 1.36 1.00
-0.15 1.24 1.00
0.18 1.33 1.00
0.07 -1.21 0.00
0.58 -1.64 0.00
0.82 -1.41 0.00
1.14 -1.32 0.00
0.43 -0.19 1.00
1.54 -0.72 0.00
-0.54 0.08 0.00
-0.60 0.52 0.00
0.13 1.35 1.00
-0.54 0.43 0.00
0.29 0.88 1.00
0.11 0.94 1.00
-0.56 1.46 1.00
0.14 -1.28 0.00
1.69 -0.36 0.00
-1.51 0.51 1.00
1.76 0.30 0.00
-0.25 -0.85 0.00
-0.73 1.38 1.00
0.49 -1.66 0.00
0.23 -1.65 0.00
1.64 -0.28 0.00
-1.53 0.33 1.00
-0.14 -1.18 0.00
1.62 -0.44 0.00
-1.23 1.08 1.00
-1.76 -0.40 1.00
1.32 -0.77 0.00
0.35 0.59 1.00
-1.72 -0.18 1.00
-0.43 -0.22 0.00
-0.52 -0.49 0.00
-0.27 -0.84 0.00
0.49 0.03 1.00
-1.33 0.71 1.00
-0.74 1.46 1.00
0.51 0.67 1.00
-0.56 0.52 0.00
1.42 -0.94 0.00
1.45 -0.49 0.00
0.76 -1.46 0.00
-0.35 1.36 1.00
-1.65 0.27 1.00
-0.34 1.62 1.00
1.76 0.54 0.00
-1.48 0.62 1.00
1.66 -0.39 0.00
-0.47 -0.19 0.00
-0.15 1.45 1.00
0.67 -1.43 0.00
0.87 -1.43 0.00
-1.67 -0.34 1.00
-1.81 -0.15 1.00
-0.44 -0.25 0.00
-0.53 0.10 0.00
1.79 -0.19 0.00
-0.51 1.56 1.00
-0.55 0.05 0.00
-0.64 0.33 0.00
-0.37 -0.81 0.00
1.69 0.18 0.00
0.34 -1.37 0.00
0.05 1.09 1.00
0.61 -0.46 1.00
-1.58 0.66 1.00
0.52 -0.56 1.00
-0.62 -0.03 0.00
0.48 0.36 1.00
-0.12 1.25 1.00
1.29 -1.07 0.00
1.61 0.14 0.00
-0.41 1.32 1.00
0.38 0.42 1.00
0.08 1.10 1.00
-1.49 0.46 1.00
-1.18 1.03 1.00
-0.04 -1.37 0.00
0.54 -0.16 1.00
-0.20 1.49 1.00
-0.96 1.27 1.00
0.97 -1.42 0.00
-0.99 1.36 1.00
-0.83 1.36 1.00
-0.34 -0.59 0.00
-1.80 -0.09 1.00
-1.60 -0.02 1.00
0.26 0.64 1.00
1.74 0.31 0.00
0.70 -0.35 1.00
-1.64 -0.41 1.00
-0.11 1.34 1.00
0.47 -0.35 1.00
1.28 -1.06 0.00
0.66 -1.63 0.00
1.55 -0.56 0.00
-0.26 -0.93 0.00
0.48 -0.04 1.00
1.02 -1.33 0.00
1.57 0.29 0.00
-0.59 0.42 0.00
1.37 -0.87 0.00
-0.27 -0.99 0.00
-0.63 1.45 1.00
0.44 -1.57 0.00
0.46 -1.50 0.00
-0.60 -0.42 0.00
0.24 -1.29 0.00
-1.41 0.89 1.00
-0.15 1.33 1.00
0.49 0.21 1.00
0.34 -1.58 0.00
-1.68 -0.14 1.00
0.27 -1.57 0.00
-1.55 0.58 1.00
1.25 -1.01 0.00
0.43 -1.48 0.00
0.34 -1.50 0.00
-1.58 0.01 1.00
0.12 -1.18 0.00
-1.38 0.80 1.00
-1.15 1.29 1.00
-0.39 1.47 1.00
1.74 0.06 0.00
1.70 0.26 0.00
-1.50 0.44 1.00
1.69 -0.18 0.00
0.50 -1.59 0.00
0.50 -0.37 1.00
-1.44 0.58 1.00
-1.27 0.94 1.00
-1.70 -0.19 1.00
-0.64 1.48 1.00
1.38 -0.91 0.00
-1.51 0.69 1.00
0.56 0.02 1.00
0.47 0.26 1.00
-1.36 1.01 1.00
0.80 -1.64 0.00
1.36 -1.03 0.00
0.63 -1.37 0.00
-1.58 0.25 1.00
-1.28 1.14 1.00
1.32 -0.99 0.00
0.25 0.95 1.00
-0.56 0.35 0.00
-0.43 1.42 1.00
-1.13 1.33 1.00
0.65 -0.35 1.00
-1.47 0.75 1.00
0.61 -0.39 1.00
-1.75 -0.24 1.00
1.72 0.25 0.00
-0.02 1.32 1.00
0.17 0.94 1.00
-0.29 -0.66 0.00
0.90 -1.43 0.00
-1.33 1.05 1.00
0.17 -1.50 0.00
0.41 0.46 1.00
-1.71 0.16 1.00
0.64 -1.57 0.00
-1.13 1.51 1.00
-0.56 1.53 1.00
1.64 -0.41 0.00
0.59 -0.74 1.00
0.43 0.60 1.00
-1.20 1.30 1.00
-0.55 -0.41 0.00
-0.48 1.44 1.00
0.34 0.84 1.00
0.35 0.61 1.00
0.63 -0.11 1.00
-0.26 -0.93 0.00
-0.04 1.37 1.00
0.58 -1.57 0.00
-0.27 1.17 1.00
-0.53 1.30 1.00
0.03 -1.18 0.00
1.56 -0.74 0.00
1.74 0.18 0.00
0.52 -0.39 1.00
-1.68 0.61 1.00
-1.77 -0.15 1.00
1.68 0.06 0.00
0.05 -1.26 0.00
1.40 -0.85 0.00
1.67 -0.12 0.00
1.25 -1.12 0.00
0.45 -1.51 0.00
-0.56 1.43 1.00
0.59 -0.24 1.00
0.31 -1.53 0.00
-0.36 -0.74 0.00
-0.59 -0.03 0.00
0.39 0.25 1.00
1.70 0.60 0.00
1.58 -0.83 0.00
-0.63 -0.06 0.00
0.56 -0.24 1.00
1.13 -1.25 0.00
-1.29 1.07 1.00
0.14 1.09 1.00
-1.28 1.00 1.00
1.16 -1.28 0.00
0.54 -1.32 0.00
1.35 -1.04 0.00
1.80 -0.16 0.00
-0.12 1.53 1.00
0.13 1.10 1.00
-1.30 1.33 1.00
-0.48 -0.50 0.00
0.19 1.16 1.00
-0.10 1.35 1.00
-1.73 -0.61 1.00
1.78 0.51 0.00
0.27 -1.36 0.00
0.45 0.61 1.00
-1.49 0.79 1.00
1.17 -1.33 0.00
-1.54 0.58 1.00
-0.70 1.53 1.00
1.00 -1.61 0.00
-0.53 0.01 0.00
0.36 0.87 1.00
1.24 -1.03 0.00
-0.36 1.37 1.00
0.51 -1.45 0.00
-0.28 1.45 1.00
-0.43 1.50 1.00
0.32 -1.32 0.00
0.92 -1.43 0.00
-0.29 1.52 1.00
0.87 -1.53 0.00
0.57 -0.20 1.00
1.07 -1.26 0.00
-0.38 -0.43 0.00
0.37 -1.39 0.00
-0.29 -0.84 0.00
-0.54 0.40 0.00
-0.78 1.52 1.00
0.20 0.98 1.00
-1.47 0.88 1.00
1.75 0.19 0.00
-1.35 0.76 1.00
0.23 1.05 1.00
-0.43 1.44 1.00
-1.28 1.11 1.00
-1.31 1.07 1.00
1.31 -1.02 0.00
0.12 -1.25 0.00
0.55 -1.59 0.00
1.65 0.13 0.00
1.03 -1.11 0.00
-1.71 -0.05 1.00
1.51 -0.71 0.00
1.34 -1.09 0.00
-1.16 1.50 1.00
-1.03 1.17 1.00
1.16 -1.05 0.00
-0.92 1.37 1.00
0.62 -1.66 0.00
0.11 0.95 1.00
-1.48 0.93 1.00
-1.68 0.00 1.00
-0.59 1.34 1.00
0.40 0.74 1.00
0.11 -1.34 0.00
-1.70 0.43 1.00
0.80 -1.55 0.00
1.59 -0.50 0.00
1.64 -0.26 0.00
0.52 0.26 1.00
-0.11 -1.16 0.00
-0.47 -0.21 0.00
-0.96 1.28 1.00
-0.71 1.34 1.00
-0.12 -1.18 0.00
-1.64 0.12 1.00
0.40 0.36 1.00
-0.13 -1.06 0.00
1.70 0.20 0.00
-1.39 0.95 1.00
1.73 -0.28 0.00
-0.51 -0.28 0.00
0.42 0.91 1.00
-1.44 0.91 1.00
-0.52 0.00 0.00
-1.78 -0.08 1.00
1.63 -0.29 0.00
-0.56 -0.07 0.00
-1.05 1.30 1.00
-0.74 1.39 1.00
-0.06 -1.20 0.00
-1.72 -0.55 1.00
0.33 0.77 1.00
-0.50 0.48 0.00
-0.48 1.58 1.00
-0.10 -1.09 0.00
0.49 -0.29 1.00
0.21 -1.38 0.00
1.27 -0.78 0.00
-1.28 1.03 1.00
-0.65 1.65 1.00
1.63 -0.37 0.00
0.01 -1.10 0.00
-0.30 -0.89 0.00
0.73 -1.47 0.00
0.28 0.81 1.00
1.49 -0.91 0.00
1.24 -1.34 0.00
-0.77 1.38 1.00
-1.75 -0.04 1.00
0.58 -0.19 1.00
-0.48 -0.34 0.00
0.59 -0.41 1.00
1.52 -0.80 0.00
-1.71 -0.16 1.00
-1.39 0.94 1.00
-1.68 0.02 1.00
0.76 -1.43 0.00
-0.57 0.13 0.00
0.13 -1.47 0.00
0.41 0.55 1.00
-1.04 1.24 1.00
-1.64 -0.26 1.00
0.40 0.36 1.00
-0.59 0.27 0.00
-0.68 0.00 0.00
0.83 -1.58 0.00
0.26 0.79 1.00
-0.22 -0.87 0.00
0.72 -1.37 0.00
-1.61 0.43 1.00
0.51 0.18 1.00
-0.50 -0.17 0.00
0.37 -1.46 0.00
0.74 -1.50 0.00
-1.49 0.68 1.00
1.43 -0.73 0.00
-0.80 1.48 1.00
1.52 -0.48 0.00
-0.48 1.41 1.00
-1.20 1.06 1.00
-1.63 0.05 1.00
-0.36 1.45 1.00
-0.24 1.22 1.00
-0.89 1.43 1.00
-1.34 0.93 1.00
1.46 -0.88 0.00
-1.01 1.24 1.00
0.03 -1.30 0.00
-0.31 1.37 1.00
0.35 -1.39 0.00
-0.53 -0.03 0.00
0.69 -1.48 0.00
0.41 0.68 1.00
0.89 -1.25 0.00
1.30 -1.16 0.00
-0.72 0.50 0.00
-0.42 1.53 1.00
-0.29 -0.83 0.00
-0.56 0.63 0.00
-1.16 1.42 1.00
-1.26 1.01 1.00
-0.27 -0.92 0.00
-0.09 -1.20 0.00
-0.35 -0.69 0.00
-1.63 -0.03 1.00
0.44 0.40 1.00
-0.85 1.45 1.00
-1.47 0.78 1.00
-0.07 -1.05 0.00
-1.62 0.33 1.00
1.37 -1.07 0.00
-0.36 1.44 1.00
0.64 -0.15 1.00
0.22 0.93 1.00
-0.25 1.37 1.00
0.18 0.78 1.00
1.53 -0.88 0.00
0.34 -1.53 0.00
-0.16 -1.02 0.00
-0.46 -0.13 0.00
-0.03 -1.06 0.00
-0.31 1.52 1.00
1.49 -0.74 0.00
0.35 0.64 1.00
0.52 -0.02 1.00
0.16 -1.24 0.00
-0.22 -1.13 0.00
-0.58 0.40 0.00
1.51 0.21 0.00
0.59 -0.03 1.00
-1.50 0.42 1.00
0.29 -1.34 0.00
-0.29 -0.86 0.00
-0.43 0.01 0.00
-0.34 -0.86 0.00
-1.54 0.84 1.00
0.33 0.83 1.00
-0.60 0.24 0.00
-0.07 -1.21 0.00
-0.80 1.65 1.00
-0.51 0.05 0.00
-1.63 0.36 1.00
1.10 -1.09 0.00
-0.49 1.66 1.00
-1.13 1.37 1.00
1.46 -0.96 0.00
0.11 1.18 1.00
0.52 0.34 1.00
-0.43 1.53 1.00
0.14 -1.36 0.00
0.97 -1.44 0.00
0.17 0.90 1.00
0.40 -1.36 0.00
-0.26 1.17 1.00
-0.72 1.71 1.00
1.39 -0.87 0.00
0.99 -1.34 0.00
0.65 0.14 1.00
1.58 -0.03 0.00
0.22 -1.23 0.00
-1.13 1.27 1.00
-0.61 0.30 0.00
-1.63 0.44 1.00
0.71 -1.51 0.00
1.33 -0.95 0.00
1.59 0.06 0.00
0.47 0.33 1.00
-1.30 1.08 1.00
0.56 -0.16 1.00
-0.10 1.34 1.00
-0.60 1.35 1.00
0.45 -1.39 0.00
-0.62 -0.21 0.00
-1.61 0.34 1.00
-1.16 1.28 1.00
0.69 -1.50 0.00
-0.42 1.47 1.00
0.89 -1.40 0.00
0.53 -0.04 1.00
0.98 -1.45 0.00
0.31 0.83 1.00
1.53 -0.65 0.00
-0.46 -0.48 0.00
1.47 -0.50 0.00
-0.33 1.55 1.00
0.27 -1.44 0.00
0.73 -1.46 0.00
-0.47 1.35 1.00
1.36 -0.76 0.00
1.47 -0.64 0.00
-1.06 1.38 1.00
-1.66 0.30 1.00
0.65 0.03 1.00
1.64 0.05 0.00
1.29 -1.15 0.00
0.49 -1.48 0.00
-1.72 0.09 1.00
1.11 -1.37 0.00
-0.41 1.46 1.00
1.57 -0.69 0.00
-0.21 1.43 1.00
-0.59 0.24 0.00
1.51 -0.30 0.00
-1.39 1.16 1.00
-0.83 1.62 1.00
1.55 -0.64 0.00
1.32 -1.37 0.00
1.69 -0.31 0.00
-0.84 1.33 1.00
-0.87 1.58 1.00
0.52 0.22 1.00
-1.15 1.06 1.00
-0.59 -0.32 0.00
-0.42 -0.68 0.00
-0.13 -0.95 0.00
-0.41 1.35 1.00
-1.21 1.13 1.00
1.63 0.10 0.00
0.85 -1.49 0.00
0.35 0.63 1.00
0.07 1.21 1.00
1.80 0.66 0.00
-0.82 1.39 1.00
0.10 -1.40 0.00
-0.33 -0.88 0.00
-0.55 0.33 0.00
0.45 -1.52 0.00
1.82 0.28 0.00
-0.45 -0.65 0.00
-1.38 0.81 1.00
-0.45 1.50 1.00
0.54 0.32 1.00
-1.77 0.23 1.00
-1.70 -0.02 1.00
0.08 -1.41 0.00
1.19 -1.33 0.00
0.02 1.01 1.00
0.00 1.25 1.00
-0.69 0.52 0.00
-1.59 -0.01 1.00
1.22 -1.04 0.00
-0.26 -1.03 0.00
-1.17 1.30 1.00
-0.01 1.28 1.00
1.50 -0.92 0.00
-1.75 -0.35 1.00
0.31 0.71 1.00
0.24 0.70 1.00
-1.81 -0.36 1.00
0.45 -1.57 0.00
0.50 -1.43 0.00
1.62 -0.45 0.00
-0.96 1.55 1.00
-0.63 -0.12 0.00
1.63 -0.52 0.00
0.53 0.40 1.00
0.35 0.15 1.00
0.96 -1.45 0.00
-0.36 -0.60 0.00
-0.71 1.38 1.00
0.31 -1.45 0.00
0.54 0.41 1.00
0.49 -1.60 0.00
0.05 1.11 1.00
-1.23 1.26 1.00
1.80 0.25 0.00
-0.41 -0.74 0.00
0.13 1.29 1.00
0.49 0.51 1.00
-1.00 1.43 1.00
1.13 -1.03 0.00
1.38 -0.78 0.00
-0.57 0.31 0.00
-1.47 0.80 1.00
1.49 -0.70 0.00
0.66 -0.09 1.00
0.09 -1.25 0.00
-0.35 1.47 1.00
-1.56 0.81 1.00
-1.75 -0.54 1.00
-0.66 1.65 1.00
-1.15 1.09 1.00
-1.69 0.01 1.00
0.54 0.21 1.00
-1.53 0.79 1.00
-0.10 -1.09 0.00
1.13 -1.33 0.00
-0.30 1.58 1.00
0.45 0.68 1.00
1.70 -0.10 0.00
-1.72 -0.21 1.00
-0.01 1.25 1.00
1.66 0.15 0.00
0.06 1.46 1.00
1.44 -0.93 0.00
0.37 0.87 1.00
0.61 0.12 1.00
-1.78 -0.37 1.00
0.49 0.03 1.00
0.64 -0.50 1.00
1.29 -0.87 0.00
1.57 -0.49 0.00
-1.47 0.69 1.00
-1.47 0.95 1.00
-0.88 1.33 1.00
-0.58 -0.08 0.00
1.49 -0.66 0.00
-0.52 1.59 1.00
-0.25 -1.25 0.00
0.64 -0.50 1.00
-1.53 0.46 1.00
1.45 -0.79 0.00
-0.34 1.58 1.00
0.09 -1.42 0.00
-0.98 1.29 1.00
0.55 -1.52 0.00
-0.22 1.25 1.00
1.69 0.40 0.00
-1.67 0.51 1.00
0.29 -1.37 0.00
-0.77 1.38 1.00
-1.65 0.30 1.00
1.69 -0.02 0.00
-0.41 -0.45 0.00
-1.63 0.33 1.00
-0.10 1.35 1.00
0.73 -1.63 0.00
0.22 0.87 1.00
1.37 -0.74 0.00
0.46 0.22 1.00
-1.61 -0.28 1.00
0.12 1.16 1.00
-0.57 -0.43 0.00
-1.48 0.62 1.00
0.59 -0.63 1.00
-1.87 -0.44 1.00
-0.47 -0.77 0.00
-1.74 0.11 1.00
0.41 0.48 1.00
-0.39 -0.41 0.00
1.77 0.57 0.00
0.49 0.47 1.00
0.60 -1.43 0.00
1.06 -1.24 0.00
-0.49 -0.52 0.00
0.31 -1.32 0.00
1.45 -0.65 0.00
0.15 1.20 1.00
1.57 -0.70 0.00
0.39 0.65 1.00
0.41 0.25 1.00
1.71 0.09 0.00
-1.14 1.26 1.00
0.76 -1.51 0.00
0.37 0.77 1.00
1.24 -1.16 0.00
0.05 1.33 1.00
-0.44 -0.85 0.00
1.60 -0.33 0.00
-0.01 1.17 1.00
0.85 -1.59 0.00
0.52 0.13 1.00
-1.73 -0.35 1.00
-0.50 -0.51 0.00
-0.62 -0.09 0.00
1.40 -0.91 0.00
-1.47 0.61 1.00
0.04 -1.07 0.00
1.74 0.48 0.00
-0.55 1.64 1.00
1.56 -0.27 0.00
0.44 0.69 1.00
1.61 0.01 0.00
0.36 0.52 1.00
0.95 -1.49 0.00
-0.30 1.33 1.00
-0.39 1.42 1.00
-1.40 1.00 1.00
0.69 -1.48 0.00
0.94 -1.39 0.00
0.16 -1.42 0.00
0.24 -1.50 0.00
0.60 -0.17 1.00
-0.21 1.46 1.00
0.31 0.80 1.00
-0.91 1.33 1.00
0.42 -0.13 1.00
-1.48 0.95 1.00
-1.34 1.04 1.00
0.17 -1.37 0.00
1.35 -0.96 0.00
1.13 -1.26 0.00
-1.55 0.18 1.00
-0.65 1.52 1.00
-0.50 -0.45 0.00
1.09 -1.32 0.00
1.19 -1.12 0.00
-0.23 1.49 1.00
1.02 -1.51 0.00
-0.92 1.39 1.00
-1.14 1.22 1.00
-1.73 0.17 1.00
-1.53 0.94 1.00
-1.70 -0.19 1.00
-0.12 -1.25 0.00
0.69 -1.63 0.00
-0.89 1.48 1.00
-0.01 -1.34 0.00
-1.01 1.16 1.00
-0.00 -1.11 0.00
1.17 -1.12 0.00
-0.54 1.54 1.00
-0.69 1.55 1.00
0.62 -1.41 0.00
0.34 0.96 1.00
-1.33 0.65 1.00
-0.21 -0.97 0.00
0.38 0.63 1.00
-0.55 0.38 0.00
1.28 -0.92 0.00
-0.02 -1.04 0.00
0.94 -1.43 0.00
0.09 1.01 1.00
-0.57 -0.01 0.00
1.16 -1.17 0.00
-0.41 -0.54 0.00
-0.56 -0.06 0.00
-0.48 0.02 0.00
0.26 -1.37 0.00
-1.19 1.07 1.00
-0.94 1.55 1.00
-1.55 0.45 1.00
-0.83 1.69 1.00
-1.71 -0.04 1.00
0.31 0.81 1.00
0.52 -0.48 1.00
-1.56 0.55 1.00
0.61 -1.42 0.00
1.07 -1.46 0.00
1.50 -0.64 0.00
1.43 -1.25 0.00
-0.63 0.31 0.00
0.26 -1.82 0.00
1.64 -0.59 0.00
0.60 -1.41 0.00
0.31 0.74 1.00
0.50 0.50 1.00
-0.03 1.35 1.00
-0.19 1.30 1.00
1.40 -0.98 0.00
0.46 -0.05 1.00
-1.00 1.37 1.00
-0.33 -0.50 0.00
-0.47 -0.01 0.00
0.45 0.28 1.00
-1.13 1.34 1.00
1.75 -0.36 0.00
-1.51 0.38 1.00
-1.28 1.13 1.00
0.30 0.34 1.00
1.08 -1.19 0.00
-1.55 0.82 1.00
-1.78 -0.40 1.00
-0.60 0.06 0.00
-1.14 1.30 1.00
1.58 -0.38 0.00
-0.21 -0.96 0.00
-0.47 1.59 1.00
0.54 -0.45 1.00
0.40 -1.72 0.00
1.80 0.17 0.00
1.20 -1.13 0.00
0.43 -1.72 0.00
-0.11 -0.97 0.00
1.48 -0.76 0.00
-0.53 0.08 0.00
0.61 -0.13 1.00
0.02 -1.17 0.00
-1.61 0.20 1.00
0.60 -0.29 1.00
1.73 0.08 0.00
0.70 -1.44 0.00
1.01 -1.39 0.00
-1.84 -0.37 1.00
-0.60 0.30 0.00
-0.83 1.39 1.00
0.49 0.59 1.00
-0.83 1.34 1.00
0.50 -0.36 1.00
-0.19 1.41 1.00
1.06 -1.23 0.00
1.65 -0.50 0.00
1.53 -0.82 0.00
-1.41 0.91 1.00
0.79 -1.51 0.00
0.55 0.05 1.00
0.29 0.73 1.00
-1.59 0.39 1.00
0.53 -1.50 0.00
0.05 1.29 1.00
-0.59 0.17 0.00
1.79 0.12 0.00
-0.54 1.49 1.00
0.94 -1.19 0.00
1.53 -0.39 0.00
-0.56 -0.09 0.00
-0.21 1.44 1.00
1.68 -0.42 0.00
1.79 0.38 0.00
0.85 -1.57 0.00
-1.74 -0.23 1.00
-0.59 0.09 0.00
-1.61 0.27 1.00
-0.50 -0.51 0.00
0.28 -1.37 0.00
-1.66 -0.50 1.00
-0.94 1.50 1.00
-1.52 0.59 1.00
-0.24 1.34 1.00
-0.30 -0.57 0.00
-0.61 1.53 1.00
1.60 -0.60 0.00
-0.50 1.61 1.00
-1.52 0.58 1.00
1.16 -1.29 0.00
0.42 0.64 1.00
0.89 -1.32 0.00
0.38 0.74 1.00
1.36 -1.12 0.00
1.57 -0.54 0.00
-1.71 -0.06 1.00
1.05 -1.39 0.00
0.07 -1.24 0.00
1.20 -1.10 0.00
-0.26 1.35 1.00
0.39 -1.65 0.00
0.11 -1.35 0.00
-1.57 0.56 1.00
0.44 0.39 1.00
-1.83 -0.15 1.00
1.65 -0.31 0.00
0.35 -1.50 0.00
-1.68 0.01 1.00
-0.05 -1.03 0.00
1.44 -0.59 0.00
0.59 0.31 1.00
-0.48 -0.55 0.00
1.07 -1.36 0.00
-0.63 0.09 0.00
-0.24 -0.95 0.00
0.64 -1.47 0.00
-1.69 0.00 1.00
-1.17 1.35 1.00
-1.18 1.11 1.00
1.40 -0.91 0.00
1.02 -1.27 0.00
1.63 -0.33 0.00
-0.73 1.62 1.00
-1.71 -0.47 1.00
0.63 -1.58 0.00
0.31 -1.51 0.00
-1.56 0.38 1.00
-1.74 -0.19 1.00
-0.07 -1.18 0.00
-1.32 0.93 1.00
-0.40 -0.39 0.00
1.58 -0.14 0.00
0.87 -1.53 0.00
0.40 -1.58 0.00
-1.68 -0.17 1.00
-1.59 0.29 1.00
-0.90 1.49 1.00
-0.61 0.37 0.00
-1.61 0.23 1.00
-1.69 -0.34 1.00
-1.79 -0.18 1.00
-0.01 1.32 1.00
-0.24 -1.18 0.00
-0.91 1.39 1.00
-1.68 -0.45 1.00
0.45 0.45 1.00
-1.43 0.73 1.00
-0.90 1.39 1.00
0.08 -1.37 0.00
-0.40 1.24 1.00
0.85 -1.50 0.00
1.19 -1.03 0.00
-1.65 0.07 1.00
-1.42 0.89 1.00
1.66 0.45 0.00
-1.66 0.16 1.00
-0.24 1.50 1.00
-0.05 -1.27 0.00
-0.75 1.45 1.00
0.61 0.17 1.00
-0.39 -0.87 0.00
0.03 1.27 1.00
0.12 -1.38 0.00
1.62 -0.34 0.00
1.05 -1.31 0.00
-0.48 -0.50 0.00
-0.70 0.76 0.00
-1.68 -0.44 1.00
-0.27 1.26 1.00
-0.96 1.37 1.00
0.36 0.71 1.00
0.54 -1.45 0.00
0.59 -1.57 0.00
-0.60 0.32 0.00
-1.30 0.97 1.00
-1.57 0.68 1.00
0.04 1.20 1.00
-0.15 -0.99 0.00
0.71 -1.53 0.00
0.58 -0.07 1.00
-0.22 -0.87 0.00
1.69 -0.03 0.00
1.75 0.48 0.00
-1.35 1.11 1.00
-1.83 -0.22 1.00
1.11 -1.29 0.00
1.78 0.21 0.00
0.36 0.25 1.00
0.57 0.30 1.00
1.58 -0.62 0.00
-1.28 1.07 1.00
-1.14 1.36 1.00
-1.39 0.92 1.00
0.38 0.69 1.00
-0.09 1.37 1.00
-0.50 -0.57 0.00
-0.45 -0.57 0.00
-1.16 0.95 1.00
-0.63 0.43 0.00
-1.82 0.06 1.00
-0.25 1.47 1.00
-0.96 1.53 1.00
-0.42 -0.58 0.00
-1.55 0.65 1.00
-0.52 -0.08 0.00
1.73 0.37 0.00
1.18 -1.13 0.00
-1.56 0.89 1.00
-0.22 -0.78 0.00
0.12 -1.34 0.00
-0.60 1.43 1.00
0.57 -1.55 0.00
-0.51 0.01 0.00
1.67 -0.36 0.00
-0.21 -1.11 0.00
-1.78 -0.42 1.00
0.70 -1.38 0.00
-0.82 1.39 1.00
0.50 0.13 1.00
1.69 -0.04 0.00
0.26 0.85 1.00
-0.41 -0.61 0.00
-0.97 1.38 1.00
1.74 0.40 0.00
0.55 0.13 1.00
-0.23 -0.80 0.00
0.53 0.15 1.00
-1.05 1.43 1.00
0.28 0.86 1.00
1.43 -0.87 0.00
-0.21 -0.78 0.00
-0.68 1.43 1.00
-1.38 1.04 1.00
0.39 0.30 1.00
-1.77 0.13 1.00
1.55 -0.66 0.00
-0.11 -1.15 0.00
1.70 0.07 0.00
-0.19 -1.18 0.00
0.10 -1.25 0.00
-0.08 1.36 1.00
-1.59 0.19 1.00
-0.59 0.13 0.00
0.01 -0.99 0.00
-1.05 1.33 1.00
0.48 0.39 1.00
-1.06 1.31 1.00
0.71 -1.42 0.00
0.50 -1.57 0.00
0.39 0.75 1.00
-1.56 0.25 1.00
-1.63 0.26 1.00
-0.65 0.15 0.00
0.18 0.92 1.00
0.96 -1.41 0.00
-0.10 -1.13 0.00
-0.76 1.50 1.00
-0.32 -0.91 0.00
-1.23 1.17 1.00
0.61 -0.25 1.00
-0.33 -0.51 0.00
-0.27 -1.08 0.00
-0.52 1.48 1.00
-0.87 1.50 1.00
0.46 -0.41 1.00
0.66 -0.25 1.00
-0.07 -1.08 0.00
-0.42 -0.11 0.00
0.72 -1.47 0.00
-1.70 0.18 1.00
-0.51 -0.04 0.00
0.88 -1.49 0.00
1.54 -0.67 0.00
1.79 0.35 0.00
1.65 0.32 0.00
-0.22 1.41 1.00
-0.66 1.39 1.00
1.61 -0.11 0.00
0.56 0.17 1.00
-1.64 0.22 1.00
0.66 0.06 1.00
-0.53 0.20 0.00
0.86 -1.41 0.00
-0.26 1.52 1.00
-1.68 -0.55 1.00
-0.12 1.20 1.00
1.62 -0.03 0.00
0.40 0.48 1.00
-1.68 0.10 1.00
-0.09 1.29 1.00
1.65 0.11 0.00
-0.02 -1.10 0.00
-0.54 0.22 0.00
-1.77 -0.08 1.00
-0.34 -0.65 0.00
-0.36 -0.43 0.00
0.17 1.11 1.00
-1.30 0.93 1.00
0.27 0.83 1.00
-1.26 1.06 1.00
-0.25 1.43 1.00
0.35 -1.45 0.00
-0.58 1.57 1.00
-0.05 1.29 1.00
0.64 -1.46 0.00
0.84 -1.36 0.00
-1.07 1.36 1.00
1.53 0.01 0.00
0.51 -0.12 1.00
-1.16 1.17 1.00
-1.65 -0.18 1.00
-1.64 0.16 1.00
0.24 0.98 1.00
-1.28 1.04 1.00
0.87 -1.45 0.00
0.49 -1.51 0.00
-0.20 1.31 1.00
0.43 0.41 1.00
-0.64 0.34 0.00
-0.41 1.53 1.00
0.38 0.93 1.00
1.75 0.45 0.00
0.50 -1.43 0.00
1.78 0.60 0.00
1.62 -0.18 0.00
-1.65 0.31 1.00
-0.02 -1.21 0.00
1.71 0.19 0.00
-0.55 0.47 0.00
1.31 -1.09 0.00
1.65 -0.36 0.00
0.00 -1.07 0.00
1.64 -0.33 0.00
0.89 -1.51 0.00
-0.78 1.61 1.00
-0.05 1.18 1.00
0.09 1.34 1.00
0.48 -0.40 1.00
1.34 -1.06 0.00
0.50 0.12 1.00
-0.08 1.47 1.00
0.36 0.86 1.00
1.50 -0.96 0.00
1.56 -0.47 0.00
-0.90 1.36 1.00
-0.96 1.30 1.00
0.23 0.85 1.00
-1.25 1.01 1.00
1.05 -1.49 0.00
-0.24 1.31 1.00
1.74 0.28 0.00
1.62 0.26 0.00
-0.80 1.57 1.00
1.63 0.17 0.00
-1.16 1.34 1.00
-0.29 -0.75 0.00
-0.09 -1.07 0.00
-1.53 0.78 1.00
0.26 0.97 1.00
-0.21 1.34 1.00
-0.80 1.21 1.00
1.04 -1.32 0.00
-0.38 1.63 1.00
1.57 -0.47 0.00
-1.58 0.73 1.00
-1.07 1.26 1.00
-1.12 1.42 1.00
-0.58 0.49 0.00
-1.47 1.09 1.00
-0.50 -0.06 0.00
1.10 -1.15 0.00
1.10 -1.16 0.00
-1.18 1.22 1.00
0.76 -1.52 0.00
-0.34 -0.67 0.00
-0.05 1.12 1.00
0.15 1.17 1.00
-0.54 0.31 0.00
0.58 -0.63 1.00
0.78 -1.32 0.00
1.06 -1.23 0.00
-1.45 0.79 1.00
-1.64 -0.30 1.00
-0.21 1.42 1.00
-1.41 0.76 1.00
0.07 -1.34 0.00
0.76 -1.49 0.00
1.58 -0.13 0.00
-0.43 1.56 1.00
0.48 -1.42 0.00
0.54 -0.41 1.00
1.34 -1.09 0.00
0.64 -1.58 0.00
0.92 -1.47 0.00
0.59 -0.41 1.00
1.65 -0.09 0.00
0.17 -1.52 0.00
-0.35 -0.77 0.00
0.31 0.75 1.00
-0.88 1.34 1.00
0.47 -1.54 0.00
1.17 -1.14 0.00
-1.61 0.03 1.00
0.67 -1.45 0.00
0.37 0.53 1.00
-1.66 0.01 1.00
-0.43 -0.40 0.00
1.48 -0.79 0.00
0.29 0.53 1.00
-0.37 -0.49 0.00
-1.51 0.65 1.00
-0.84 1.41 1.00
-0.09 -1.12 0.00
-1.45 0.92 1.00
1.44 -0.83 0.00
-0.63 1.79 1.00
-0.46 -0.64 0.00
1.40 -0.81 0.00
-0.50 -0.72 0.00
-1.61 0.30 1.00
0.79 -1.54 0.00
1.62 -0.20 0.00
-0.69 1.52 1.00
-0.23 -1.13 0.00
-0.28 1.44 1.00
0.70 -0.09 1.00
0.31 0.64 1.00
0.50 -0.39 1.00
0.54 0.06 1.00
1.33 -1.00 0.00
-0.54 -0.16 0.00
-0.52 0.31 0.00
1.27 -1.19 0.00
-1.68 0.17 1.00
0.41 -1.53 0.00
1.44 -0.90 0.00
0.18 1.09 1.00
1.03 -1.37 0.00
1.76 0.31 0.00
0.10 1.12 1.00
0.46 -0.01 1.00
-0.32 -0.55 0.00
1.63 -0.35 0.00
-1.66 0.70 1.00
0.16 -1.28 0.00
0.79 -1.28 0.00
-0.23 -1.30 0.00
-0.50 -0.13 0.00
-0.07 1.12 1.00
-0.44 -0.33 0.00
-0.13 1.36 1.00
0.16 -1.26 0.00
-0.26 -0.91 0.00
1.70 -0.25 0.00
-0.42 -0.32 0.00
-0.63 1.64 1.00
0.05 1.26 1.00
0.40 0.32 1.00
-0.33 -0.31 0.00
0.47 -1.47 0.00
-0.00 1.39 1.00
-1.44 0.73 1.00
0.14 -1.16 0.00
-1.54 0.58 1.00
1.60 -0.84 0.00
1.62 -0.14 0.00
-1.01 1.41 1.00
-0.18 1.44 1.00
-0.66 0.29 0.00
-0.55 0.09 0.00
-1.32 0.94 1.00
1.66 -0.04 0.00
1.04 -1.31 0.00
-0.30 -0.98 0.00
0.63 -1.42 0.00
-0.35 1.49 1.00
-1.36 1.00 1.00
1.13 -1.21 0.00
1.15 -1.35 0.00
0.15 1.15 1.00
-1.55 -0.02 1.00
-0.37 -0.19 0.00
1.29 -0.96 0.00
-0.55 0.03 0.00
0.27 -1.53 0.00
1.45 -0.84 0.00
0.57 0.09 1.00
0.58 -0.40 1.00
-0.96 1.16 1.00
1.68 0.14 0.00
1.63 -0.35 0.00
1.47 -0.63 0.00
1.68 0.33 0.00
-1.54 0.60 1.00
-0.93 1.45 1.00
-0.51 1.62 1.00
1.66 -0.45 0.00
0.31 0.61 1.00
0.57 -0.37 1.00
-0.49 0.17 0.00
-1.30 1.12 1.00
-1.09 1.10 1.00
-1.06 1.35 1.00
-0.35 -1.08 0.00
-1.82 -0.24 1.00
0.50 0.28 1.00
1.49 -0.90 0.00
0.33 0.50 1.00
-0.30 1.32 1.00
-0.22 -0.87 0.00
1.03 -1.40 0.00
-1.35 0.96 1.00
0.46 -0.01 1.00
-0.48 -0.25 0.00
0.47 0.16 1.00
-0.03 1.23 1.00
1.58 -0.54 0.00
-1.07 1.12 1.00
1.62 -0.45 0.00
0.05 -1.23 0.00
-0.53 0.24 0.00
