0.44 1.02 0.00
0.40 1.24 0.00
0.66 1.31 0.00
0.59 0.06 1.00
0.79 0.18 1.00
0.85 -0.06 1.00
0.54 1.23 0.00
0.69 0.10 1.00
-1.34 -1.45 2.00
1.10 0.10 1.00
0.92 1.07 0.00
0.78 1.04 0.00
0.48 1.03 0.00
0.84 1.11 0.00
0.93 1.12 0.00
-1.62 -1.19 2.00
-1.37 -1.29 2.00
-1.66 -1.44 2.00
0.63 1.21 0.00
-1.50 -1.42 2.00
0.64 0.26 1.00
-1.28 -1.34 2.00
0.83 1.03 0.00
0.94 1.18 0.00
0.84 0.10 1.00
0.53 1.25 0.00
0.76 0.18 1.00
0.82 0.16 1.00
0.83 -0.06 1.00
0.78 0.08 1.00
0.69 -0.02 1.00
0.68 0.26 1.00
0.59 0.19 1.00
0.67 1.23 0.00
-1.35 -1.28 2.00
0.74 1.04 0.00
1.09 0.28 1.00
0.57 0.03 1.00
0.67 1.37 0.00
-1.01 -1.25 2.00
0.68 -0.10 1.00
0.58 1.26 0.00
0.49 0.35 1.00
0.81 0.15 1.00
0.80 0.03 1.00
0.83 0.25 1.00
0.75 1.07 0.00
0.98 1.28 0.00
1.18 -0.01 1.00
-1.56 -1.25 2.00
-1.52 -1.25 2.00
0.75 1.14 0.00
-1.29 -1.29 2.00
0.74 -0.02 1.00
0.47 0.08 1.00
0.48 0.21 1.00
-1.46 -1.39 2.00
0.31 0.14 1.00
0.65 0.00 1.00
0.82 1.20 0.00
0.63 -0.02 1.00
-1.58 -1.34 2.00
0.55 0.13 1.00
0.90 0.23 1.00
0.67 1.35 0.00
0.67 0.01 1.00
0.67 1.01 0.00
0.95 0.27 1.00
0.78 0.31 1.00
-1.53 -1.29 2.00
-1.61 -1.03 2.00
0.79 1.23 0.00
0.61 1.08 0.00
-1.36 -1.13 2.00
0.49 1.09 0.00
0.90 0.02 1.00
0.58 -0.18 1.00
0.76 1.11 0.00
1.06 1.16 0.00
-1.50 -1.19 2.00
0.92 1.38 0.00
0.93 1.19 0.00
0.95 0.15 1.00
0.63 -0.09 1.00
0.92 1.39 0.00
0.76 1.05 0.00
-1.37 -1.14 2.00
0.76 -0.04 1.00
0.72 1.16 0.00
0.84 0.21 1.00
0.68 -0.00 1.00
0.49 0.07 1.00
0.65 0.10 1.00
0.83 0.30 1.00
0.66 -0.07 1.00
0.63 -0.01 1.00
0.50 1.19 0.00
-1.38 -1.20 2.00
-1.51 -1.08 2.00
-1.20 -1.15 2.00
0.82 1.02 0.00
-1.38 -1.26 2.00
0.47 1.23 0.00
0.85 1.10 0.00
0.82 0.03 1.00
0.70 0.06 1.00
0.46 1.04 0.00
-1.49 -1.27 2.00
0.82 1.32 0.00
-1.36 -1.19 2.00
-1.31 -0.98 2.00
1.11 1.15 0.00
0.45 0.07 1.00
0.90 0.02 1.00
-1.23 -1.28 2.00
0.84 0.23 1.00
0.73 1.22 0.00
0.66 1.07 0.00
-1.16 -1.30 2.00
0.41 1.10 0.00
0.62 1.19 0.00
1.05 0.10 1.00
0.42 0.10 1.00
0.58 -0.01 1.00
0.74 1.13 0.00
0.41 0.11 1.00
-1.39 -1.43 2.00
0.85 0.25 1.00
0.69 1.06 0.00
-1.46 -1.37 2.00
0.75 0.10 1.00
-1.33 -1.17 2.00
0.70 1.17 0.00
0.65 1.11 0.00
0.47 0.28 1.00
0.30 0.10 1.00
-1.36 -1.25 2.00
-1.18 -1.08 2.00
0.89 1.04 0.00
0.72 1.32 0.00
0.39 1.24 0.00
-1.50 -1.09 2.00
0.62 0.01 1.00
0.94 0.12 1.00
0.49 1.15 0.00
-1.34 -1.20 2.00
0.78 -0.04 1.00
-1.35 -1.27 2.00
0.86 0.06 1.00
0.59 0.21 1.00
1.18 -0.01 1.00
-1.36 -1.19 2.00
0.83 1.09 0.00
0.78 -0.03 1.00
0.82 1.16 0.00
0.72 0.05 1.00
0.54 1.16 0.00
0.86 -0.12 1.00
0.74 0.09 1.00
0.69 1.08 0.00
-1.35 -1.25 2.00
0.93 1.10 0.00
-1.32 -1.30 2.00
0.92 1.09 0.00
0.58 1.22 0.00
0.76 1.32 0.00
-1.31 -1.20 2.00
-1.58 -1.11 2.00
-1.22 -1.06 2.00
0.78 -0.21 1.00
0.78 1.06 0.00
-1.45 -1.31 2.00
0.72 1.20 0.00
-1.43 -1.42 2.00
0.73 1.17 0.00
0.64 0.06 1.00
-1.38 -1.15 2.00
-1.46 -1.31 2.00
1.02 1.19 0.00
0.63 -0.05 1.00
0.54 0.20 1.00
0.43 1.10 0.00
0.84 1.08 0.00
0.60 0.15 1.00
-1.18 -1.39 2.00
-1.55 -1.39 2.00
0.41 1.18 0.00
0.82 0.04 1.00
0.84 1.25 0.00
0.67 1.00 0.00
0.57 -0.05 1.00
0.65 1.33 0.00
0.41 0.04 1.00
0.74 1.03 0.00
0.52 1.12 0.00
0.85 -0.01 1.00
0.60 0.29 1.00
-1.33 -1.21 2.00
0.34 1.36 0.00
0.79 0.29 1.00
0.98 0.14 1.00
0.55 0.19 1.00
0.79 1.21 0.00
-1.56 -1.31 2.00
-1.49 -1.25 2.00
-1.62 -1.19 2.00
-1.47 -1.24 2.00
0.63 0.20 1.00
-1.45 -1.15 2.00
0.69 1.14 0.00
-1.53 -1.29 2.00
0.64 1.18 0.00
0.72 1.09 0.00
-1.44 -1.26 2.00
0.83 -0.22 1.00
0.52 -0.02 1.00
0.51 -0.00 1.00
-1.40 -1.21 2.00
-1.41 -0.98 2.00
-1.16 -1.42 2.00
0.58 1.43 0.00
-1.08 -1.08 2.00
0.68 1.09 0.00
0.70 0.03 1.00
0.75 -0.18 1.00
-1.34 -1.52 2.00
-1.45 -1.21 2.00
-1.57 -1.22 2.00
0.71 1.01 0.00
0.48 1.03 0.00
-1.44 -1.23 2.00
0.45 -0.03 1.00
0.78 0.27 1.00
0.78 1.27 0.00
-1.59 -1.41 2.00
-1.32 -1.30 2.00
0.64 -0.00 1.00
-1.50 -1.40 2.00
0.72 -0.03 1.00
0.70 -0.13 1.00
0.75 1.05 0.00
0.57 0.03 1.00
0.77 0.95 0.00
-1.18 -1.44 2.00
-1.38 -1.29 2.00
0.55 0.22 1.00
0.86 0.07 1.00
0.61 -0.16 1.00
-1.47 -1.25 2.00
-1.34 -1.41 2.00
0.89 0.12 1.00
0.80 1.24 0.00
0.72 1.09 0.00
0.73 0.09 1.00
-1.47 -1.15 2.00
-1.66 -1.16 2.00
0.72 1.35 0.00
0.63 0.99 0.00
0.61 1.46 0.00
0.54 0.15 1.00
-1.43 -1.36 2.00
-1.55 -1.45 2.00
-1.43 -1.19 2.00
-1.19 -1.06 2.00
0.69 -0.01 1.00
0.66 -0.03 1.00
-1.16 -1.18 2.00
0.49 1.16 0.00
0.92 1.19 0.00
0.91 0.08 1.00
0.53 0.07 1.00
0.59 0.17 1.00
0.77 0.17 1.00
-1.56 -1.59 2.00
0.72 0.17 1.00
-1.24 -1.44 2.00
0.55 0.14 1.00
0.93 0.01 1.00
0.68 1.31 0.00
0.51 0.17 1.00
0.65 1.22 0.00
0.49 1.09 0.00
0.69 0.18 1.00
-1.43 -1.35 2.00
0.67 1.15 0.00
0.86 1.14 0.00
0.63 1.24 0.00
0.34 1.11 0.00
0.36 0.24 1.00
-1.48 -1.21 2.00
1.02 -0.09 1.00
-1.33 -1.29 2.00
-1.37 -1.41 2.00
0.75 1.17 0.00
0.83 1.27 0.00
0.61 1.05 0.00
0.78 0.19 1.00
1.16 0.11 1.00
0.50 0.11 1.00
0.86 1.25 0.00
0.71 0.17 1.00
-1.53 -1.18 2.00
-1.34 -1.58 2.00
0.67 1.23 0.00
-1.32 -1.34 2.00
0.58 0.15 1.00
0.38 1.29 0.00
0.51 1.09 0.00
0.94 0.10 1.00
0.80 1.32 0.00
0.31 1.32 0.00
0.61 1.07 0.00
0.84 1.21 0.00
0.59 -0.07 1.00
-1.16 -1.24 2.00
-1.32 -1.14 2.00
-1.39 -1.01 2.00
-1.34 -1.42 2.00
0.98 0.15 1.00
-1.37 -1.18 2.00
0.76 0.23 1.00
0.57 1.11 0.00
-1.66 -1.21 2.00
0.80 0.07 1.00
0.92 1.30 0.00
-1.43 -1.21 2.00
0.77 1.02 0.00
0.57 1.10 0.00
0.75 1.09 0.00
0.76 1.20 0.00
0.67 0.02 1.00
-1.63 -1.16 2.00
-1.53 -1.44 2.00
0.67 1.35 0.00
0.52 0.08 1.00
-1.40 -1.34 2.00
0.79 0.13 1.00
0.89 -0.05 1.00
0.77 0.03 1.00
0.68 1.29 0.00
-1.51 -1.28 2.00
-1.26 -1.48 2.00
-1.33 -1.07 2.00
-1.28 -1.28 2.00
0.66 -0.03 1.00
0.89 1.30 0.00
0.59 0.00 1.00
-1.49 -1.34 2.00
0.46 0.10 1.00
-1.28 -1.23 2.00
0.90 1.20 0.00
-1.20 -1.26 2.00
0.31 1.26 0.00
-1.47 -1.41 2.00
0.75 0.16 1.00
1.06 0.01 1.00
-1.18 -1.25 2.00
0.49 -0.12 1.00
0.58 -0.06 1.00
-0.99 -1.31 2.00
0.54 0.13 1.00
-1.18 -1.01 2.00
0.98 -0.09 1.00
-1.51 -1.10 2.00
0.66 -0.18 1.00
0.75 -0.08 1.00
0.72 1.31 0.00
-1.16 -0.99 2.00
-1.14 -1.33 2.00
-1.55 -1.06 2.00
-1.26 -1.29 2.00
-1.54 -1.13 2.00
0.62 0.10 1.00
0.75 0.43 1.00
0.91 1.01 0.00
-1.49 -1.32 2.00
0.60 -0.03 1.00
-1.66 -1.18 2.00
0.57 0.96 0.00
-1.66 -0.97 2.00
0.60 1.21 0.00
0.38 1.22 0.00
-1.40 -1.11 2.00
0.69 0.05 1.00
0.44 0.25 1.00
-1.45 -1.37 2.00
0.63 1.42 0.00
0.70 1.33 0.00
0.49 0.28 1.00
0.79 1.27 0.00
-1.35 -1.37 2.00
0.67 -0.04 1.00
-1.41 -1.29 2.00
0.67 0.95 0.00
0.26 1.17 0.00
0.82 0.13 1.00
-1.31 -1.36 2.00
-1.07 -1.22 2.00
-1.34 -1.12 2.00
0.64 -0.12 1.00
-1.34 -1.05 2.00
-1.45 -1.24 2.00
0.65 1.12 0.00
-1.44 -1.22 2.00
0.97 1.03 0.00
0.71 1.12 0.00
0.79 1.04 0.00
0.64 1.04 0.00
0.79 1.39 0.00
0.67 -0.01 1.00
0.96 0.11 1.00
0.62 0.07 1.00
0.53 1.20 0.00
-1.43 -1.33 2.00
0.72 0.04 1.00
-1.14 -1.30 2.00
0.75 1.19 0.00
0.70 1.43 0.00
-1.36 -1.12 2.00
-1.32 -1.22 2.00
0.64 0.26 1.00
0.55 0.96 0.00
-1.45 -1.32 2.00
-1.62 -1.31 2.00
1.03 1.27 0.00
0.82 0.12 1.00
0.75 0.18 1.00
0.38 1.27 0.00
0.57 1.00 0.00
0.63 0.13 1.00
0.72 0.02 1.00
0.69 0.08 1.00
0.52 1.36 0.00
1.12 1.24 0.00
0.65 1.02 0.00
-1.42 -1.15 2.00
-1.01 -1.10 2.00
-1.23 -1.15 2.00
0.96 1.24 0.00
0.62 0.04 1.00
1.20 0.99 0.00
0.72 1.12 0.00
0.80 1.47 0.00
0.55 0.03 1.00
-1.30 -1.16 2.00
0.45 0.16 1.00
0.66 1.22 0.00
0.60 1.06 0.00
0.68 0.08 1.00
0.70 0.02 1.00
0.47 0.13 1.00
0.47 1.29 0.00
0.35 1.02 0.00
0.38 0.99 0.00
-1.18 -1.18 2.00
0.80 1.05 0.00
-1.51 -1.27 2.00
-1.59 -1.25 2.00
0.52 1.21 0.00
1.03 1.35 0.00
0.79 0.10 1.00
0.42 1.26 0.00
-1.24 -1.24 2.00
-1.62 -1.29 2.00
0.65 1.41 0.00
0.65 1.25 0.00
0.85 1.13 0.00
0.84 1.25 0.00
-1.43 -1.11 2.00
0.69 0.17 1.00
0.65 0.35 1.00
0.76 0.97 0.00
-1.41 -1.18 2.00
0.49 0.17 1.00
-1.71 -1.25 2.00
0.60 1.29 0.00
0.88 0.23 1.00
-1.29 -1.24 2.00
0.64 1.22 0.00
-1.51 -1.13 2.00
1.10 0.07 1.00
0.56 -0.09 1.00
0.82 1.19 0.00
0.69 0.04 1.00
0.85 1.13 0.00
-1.44 -1.32 2.00
0.55 0.03 1.00
0.91 1.16 0.00
0.73 1.20 0.00
-1.60 -1.36 2.00
0.67 0.07 1.00
0.91 1.04 0.00
-1.44 -1.45 2.00
-1.53 -1.28 2.00
0.60 0.15 1.00
0.83 1.23 0.00
0.92 1.35 0.00
0.85 1.25 0.00
0.79 0.02 1.00
0.70 1.10 0.00
-1.49 -0.99 2.00
0.48 -0.04 1.00
-1.32 -1.34 2.00
0.67 0.15 1.00
0.76 1.24 0.00
0.67 1.22 0.00
-1.35 -1.25 2.00
0.72 0.12 1.00
0.71 1.16 0.00
-1.61 -1.14 2.00
0.61 1.13 0.00
0.69 0.86 0.00
-1.47 -1.22 2.00
0.51 1.30 0.00
-1.11 -1.21 2.00
-1.14 -1.27 2.00
0.75 1.25 0.00
0.76 0.07 1.00
0.71 0.11 1.00
-1.40 -1.25 2.00
-1.43 -1.39 2.00
-1.49 -0.98 2.00
-1.52 -1.38 2.00
0.57 0.16 1.00
-1.29 -1.19 2.00
-1.54 -1.24 2.00
0.49 0.28 1.00
1.03 -0.03 1.00
-1.16 -1.43 2.00
0.48 0.03 1.00
0.50 1.22 0.00
0.78 -0.01 1.00
0.91 -0.04 1.00
0.75 0.05 1.00
-1.53 -1.34 2.00
0.55 0.22 1.00
0.80 0.13 1.00
-1.40 -0.97 2.00
-1.48 -1.12 2.00
-1.58 -1.38 2.00
0.70 -0.03 1.00
-1.40 -1.19 2.00
0.77 1.16 0.00
0.73 1.21 0.00
0.60 1.22 0.00
0.70 1.20 0.00
0.66 1.15 0.00
0.67 -0.09 1.00
0.78 1.02 0.00
0.98 1.30 0.00
0.84 1.21 0.00
0.64 0.24 1.00
0.35 0.14 1.00
0.67 -0.03 1.00
0.89 1.41 0.00
0.60 0.02 1.00
1.02 1.01 0.00
0.75 0.24 1.00
0.87 1.23 0.00
-1.46 -1.15 2.00
0.95 1.21 0.00
0.54 0.06 1.00
-1.23 -1.29 2.00
0.60 1.15 0.00
-1.24 -1.31 2.00
0.84 1.09 0.00
0.73 0.02 1.00
0.48 1.04 0.00
0.52 0.09 1.00
0.34 -0.09 1.00
-1.33 -1.49 2.00
0.58 1.28 0.00
0.59 0.19 1.00
-1.27 -1.33 2.00
0.88 1.01 0.00
-1.16 -1.31 2.00
-1.33 -1.15 2.00
-1.34 -1.26 2.00
-1.48 -1.20 2.00
-1.20 -1.24 2.00
-1.18 -1.20 2.00
-1.24 -1.24 2.00
-1.38 -1.20 2.00
0.84 1.34 0.00
0.64 1.54 0.00
-1.18 -1.38 2.00
0.71 1.28 0.00
-1.57 -1.17 2.00
-1.29 -1.10 2.00
0.50 1.22 0.00
-1.25 -0.97 2.00
-1.37 -1.37 2.00
0.75 0.05 1.00
-1.35 -1.36 2.00
0.61 -0.03 1.00
-1.68 -1.10 2.00
0.95 1.13 0.00
-1.18 -1.29 2.00
0.67 -0.01 1.00
0.59 1.27 0.00
-1.29 -1.23 2.00
0.91 1.16 0.00
-1.45 -1.29 2.00
-1.34 -1.17 2.00
0.57 0.19 1.00
-1.35 -1.33 2.00
-1.12 -1.46 2.00
0.70 -0.03 1.00
0.46 1.36 0.00
0.71 1.19 0.00
-1.28 -1.25 2.00
0.92 0.12 1.00
0.73 1.03 0.00
0.51 1.16 0.00
0.62 -0.18 1.00
0.35 1.08 0.00
0.40 1.15 0.00
-1.45 -1.50 2.00
0.54 1.13 0.00
-1.20 -1.30 2.00
0.59 1.36 0.00
0.97 1.14 0.00
0.56 -0.05 1.00
0.64 0.00 1.00
-1.17 -1.52 2.00
-1.04 -1.17 2.00
-1.12 -1.38 2.00
-1.56 -1.21 2.00
0.68 1.24 0.00
1.05 0.14 1.00
0.62 1.09 0.00
-1.37 -1.08 2.00
0.80 1.19 0.00
-1.23 -1.06 2.00
-1.21 -1.36 2.00
-1.52 -1.22 2.00
0.42 1.19 0.00
-1.31 -1.16 2.00
-1.50 -1.41 2.00
0.57 0.21 1.00
0.64 0.13 1.00
0.44 0.19 1.00
0.63 0.06 1.00
-1.16 -1.33 2.00
-1.25 -1.23 2.00
0.81 0.12 1.00
-1.72 -1.26 2.00
-1.56 -1.15 2.00
0.54 0.15 1.00
0.74 1.26 0.00
0.61 -0.14 1.00
0.49 0.07 1.00
0.79 0.99 0.00
0.92 1.09 0.00
-1.43 -1.29 2.00
0.63 -0.15 1.00
0.75 0.31 1.00
0.68 0.08 1.00
0.54 -0.06 1.00
0.55 -0.01 1.00
0.88 -0.09 1.00
-1.22 -1.26 2.00
-1.14 -1.09 2.00
0.58 0.16 1.00
-1.13 -1.26 2.00
0.74 -0.06 1.00
0.72 1.48 0.00
-1.41 -1.33 2.00
0.46 0.13 1.00
0.88 -0.01 1.00
-1.56 -1.13 2.00
0.45 -0.03 1.00
0.82 -0.04 1.00
0.43 1.32 0.00
-1.54 -1.45 2.00
0.79 1.10 0.00
0.75 0.29 1.00
-1.42 -1.40 2.00
0.68 0.07 1.00
0.77 1.10 0.00
0.68 0.12 1.00
-1.24 -1.16 2.00
0.62 1.20 0.00
0.83 1.36 0.00
0.40 0.15 1.00
0.84 1.01 0.00
0.67 1.08 0.00
-1.39 -1.18 2.00
0.52 1.09 0.00
0.69 1.26 0.00
0.54 1.20 0.00
0.77 -0.08 1.00
0.63 1.16 0.00
0.64 1.21 0.00
0.71 -0.15 1.00
0.40 1.22 0.00
-1.40 -1.32 2.00
0.69 -0.04 1.00
0.73 0.08 1.00
0.39 1.23 0.00
0.97 1.17 0.00
-1.31 -1.61 2.00
0.48 1.17 0.00
0.70 0.05 1.00
0.67 0.18 1.00
1.12 1.31 0.00
-1.41 -1.28 2.00
0.70 0.03 1.00
-1.23 -1.39 2.00
-1.45 -1.34 2.00
0.73 1.25 0.00
0.73 -0.04 1.00
-1.52 -1.21 2.00
0.54 0.02 1.00
-1.46 -1.08 2.00
-1.53 -1.27 2.00
0.32 1.47 0.00
-1.75 -1.23 2.00
0.68 1.42 0.00
0.53 1.41 0.00
-1.43 -1.32 2.00
-1.73 -1.07 2.00
0.87 0.21 1.00
-1.19 -1.14 2.00
0.72 -0.15 1.00
0.40 0.01 1.00
-1.42 -1.04 2.00
0.76 0.03 1.00
0.80 1.36 0.00
0.68 1.26 0.00
-1.54 -1.39 2.00
0.71 0.11 1.00
-1.65 -1.27 2.00
-1.28 -1.21 2.00
-1.40 -1.29 2.00
0.49 1.19 0.00
-1.42 -1.54 2.00
1.02 0.01 1.00
0.60 0.12 1.00
-1.23 -1.13 2.00
0.68 1.23 0.00
0.45 0.30 1.00
0.92 0.19 1.00
-1.48 -0.98 2.00
0.91 1.14 0.00
-1.36 -1.07 2.00
0.84 1.02 0.00
0.54 0.10 1.00
-1.31 -1.36 2.00
-1.38 -1.07 2.00
0.64 0.97 0.00
0.54 1.05 0.00
-1.21 -1.07 2.00
0.75 -0.14 1.00
0.92 1.49 0.00
0.68 1.24 0.00
0.62 -0.09 1.00
-1.55 -1.18 2.00
-1.72 -1.25 2.00
-1.50 -1.11 2.00
0.65 -0.11 1.00
0.64 0.04 1.00
0.72 1.00 0.00
0.69 1.14 0.00
0.71 1.28 0.00
0.71 0.07 1.00
0.67 1.32 0.00
0.66 0.01 1.00
0.77 1.15 0.00
-1.42 -1.36 2.00
0.79 1.32 0.00
-1.57 -1.36 2.00
-1.18 -1.07 2.00
0.48 1.16 0.00
-1.28 -1.37 2.00
0.44 0.06 1.00
0.88 0.05 1.00
0.85 0.09 1.00
-1.53 -1.20 2.00
0.53 -0.09 1.00
-1.16 -1.38 2.00
0.89 1.21 0.00
-1.47 -1.16 2.00
0.85 1.17 0.00
0.74 -0.02 1.00
0.52 0.07 1.00
-1.34 -1.08 2.00
-1.38 -1.35 2.00
0.61 0.98 0.00
-1.35 -1.19 2.00
-1.71 -1.35 2.00
-1.47 -1.45 2.00
0.64 1.11 0.00
0.54 1.11 0.00
-1.53 -0.99 2.00
1.14 0.09 1.00
-1.32 -1.11 2.00
0.53 0.30 1.00
-1.28 -1.33 2.00
-1.68 -1.40 2.00
0.64 1.19 0.00
-1.34 -1.28 2.00
0.68 1.28 0.00
0.64 1.07 0.00
-1.55 -1.42 2.00
0.71 1.38 0.00
0.68 1.20 0.00
-1.43 -1.40 2.00
0.56 0.16 1.00
-1.44 -1.37 2.00
0.85 1.40 0.00
0.52 0.08 1.00
0.62 0.09 1.00
0.54 1.10 0.00
0.48 0.22 1.00
-1.53 -1.39 2.00
0.63 0.03 1.00
-1.53 -1.20 2.00
-1.27 -1.07 2.00
0.92 1.05 0.00
0.94 1.14 0.00
-1.39 -1.11 2.00
-1.61 -1.17 2.00
-1.31 -1.15 2.00
0.85 1.16 0.00
0.75 1.12 0.00
1.02 1.14 0.00
0.62 1.07 0.00
-1.51 -1.52 2.00
0.75 0.21 1.00
0.74 1.08 0.00
0.76 1.29 0.00
0.73 1.32 0.00
0.62 1.07 0.00
0.52 1.14 0.00
-1.43 -1.40 2.00
1.00 1.32 0.00
-0.96 -1.53 2.00
-1.27 -1.41 2.00
0.59 -0.01 1.00
0.54 0.07 1.00
-1.58 -1.31 2.00
-1.41 -1.18 2.00
0.68 0.27 1.00
-1.35 -1.29 2.00
-1.29 -1.22 2.00
-1.25 -1.16 2.00
0.68 1.15 0.00
0.74 1.11 0.00
0.65 -0.01 1.00
-1.44 -1.29 2.00
0.80 1.09 0.00
0.87 0.09 1.00
0.52 0.26 1.00
-1.40 -1.32 2.00
0.66 0.00 1.00
-1.57 -1.01 2.00
0.48 1.20 0.00
-1.35 -1.05 2.00
0.48 0.81 0.00
0.83 1.29 0.00
-1.55 -1.42 2.00
0.58 1.24 0.00
-1.47 -1.17 2.00
0.62 -0.12 1.00
-1.30 -1.47 2.00
0.81 0.15 1.00
0.88 1.20 0.00
0.68 0.96 0.00
-1.39 -1.23 2.00
0.78 1.16 0.00
1.04 1.19 0.00
0.98 -0.15 1.00
-1.18 -1.31 2.00
-1.33 -1.09 2.00
-1.51 -1.40 2.00
-1.33 -1.37 2.00
0.63 1.09 0.00
0.95 0.09 1.00
0.78 -0.07 1.00
0.47 0.13 1.00
-1.46 -1.28 2.00
0.57 0.14 1.00
-1.14 -1.19 2.00
-1.41 -1.30 2.00
0.94 1.14 0.00
-1.42 -1.12 2.00
0.71 1.27 0.00
0.90 1.32 0.00
0.67 1.25 0.00
1.07 0.16 1.00
0.71 0.16 1.00
-1.03 -1.30 2.00
1.05 0.03 1.00
0.68 1.20 0.00
0.88 1.38 0.00
-1.59 -1.12 2.00
0.67 0.12 1.00
0.75 -0.27 1.00
-1.59 -1.03 2.00
0.92 1.05 0.00
0.43 1.11 0.00
0.46 0.12 1.00
-1.46 -1.50 2.00
0.56 0.92 0.00
0.56 0.11 1.00
0.64 0.94 0.00
-1.40 -1.22 2.00
0.60 0.02 1.00
0.46 1.24 0.00
0.48 0.23 1.00
-1.66 -1.22 2.00
-1.45 -1.26 2.00
-1.24 -1.50 2.00
0.86 1.22 0.00
0.91 1.29 0.00
0.72 -0.02 1.00
-1.55 -1.27 2.00
-1.29 -1.30 2.00
0.88 1.36 0.00
0.55 1.18 0.00
0.71 1.23 0.00
-1.41 -1.34 2.00
-1.33 -1.13 2.00
0.74 -0.16 1.00
0.66 1.01 0.00
0.68 -0.01 1.00
-1.75 -1.27 2.00
-1.42 -1.38 2.00
0.97 0.05 1.00
0.65 1.19 0.00
0.59 -0.00 1.00
-1.52 -1.10 2.00
0.84 1.14 0.00
0.94 1.29 0.00
0.85 0.17 1.00
-1.56 -1.16 2.00
0.70 0.18 1.00
0.56 1.12 0.00
-1.41 -0.96 2.00
0.82 0.08 1.00
-1.57 -1.29 2.00
0.57 0.10 1.00
-1.50 -1.43 2.00
0.78 1.00 0.00
0.31 1.31 0.00
0.79 1.22 0.00
0.77 1.17 0.00
0.71 -0.01 1.00
-1.11 -1.22 2.00
-1.64 -1.08 2.00
0.61 1.33 0.00
0.64 1.27 0.00
-1.14 -1.18 2.00
0.94 1.05 0.00
0.82 1.09 0.00
0.87 0.15 1.00
0.34 1.27 0.00
0.94 0.10 1.00
0.98 -0.02 1.00
0.72 1.34 0.00
0.56 1.00 0.00
0.85 0.08 1.00
0.68 1.28 0.00
-1.40 -1.24 2.00
-1.29 -1.24 2.00
0.75 1.07 0.00
0.38 1.13 0.00
-1.34 -1.21 2.00
0.77 1.43 0.00
0.76 0.02 1.00
-1.37 -1.17 2.00
-1.41 -1.28 2.00
0.61 0.99 0.00
0.74 1.20 0.00
0.59 1.14 0.00
0.51 0.16 1.00
-1.47 -1.20 2.00
-1.46 -1.16 2.00
0.55 0.13 1.00
0.66 1.15 0.00
0.62 1.27 0.00
-1.45 -1.27 2.00
-1.44 -1.27 2.00
0.52 1.29 0.00
-1.30 -1.26 2.00
-1.36 -1.23 2.00
0.78 1.19 0.00
-1.23 -1.06 2.00
0.57 -0.09 1.00
-1.79 -1.31 2.00
0.78 1.20 0.00
0.76 1.23 0.00
0.89 0.11 1.00
0.88 1.02 0.00
-1.57 -1.21 2.00
-1.42 -1.20 2.00
-1.54 -1.26 2.00
0.69 0.12 1.00
0.58 0.12 1.00
-1.38 -1.15 2.00
0.68 1.23 0.00
0.60 1.14 0.00
0.69 1.07 0.00
-1.60 -1.16 2.00
-1.18 -1.20 2.00
0.79 1.17 0.00
0.58 1.35 0.00
0.73 0.27 1.00
-1.19 -1.16 2.00
0.81 0.06 1.00
-1.43 -1.34 2.00
0.62 1.12 0.00
0.54 0.24 1.00
0.56 1.21 0.00
0.63 1.02 0.00
-1.53 -1.19 2.00
0.45 0.02 1.00
-1.45 -1.02 2.00
-1.67 -1.14 2.00
-1.19 -1.25 2.00
0.45 -0.05 1.00
0.55 1.10 0.00
0.44 -0.01 1.00
-1.34 -1.04 2.00
0.79 1.19 0.00
0.81 1.24 0.00
-1.50 -1.05 2.00
0.94 1.26 0.00
-1.36 -1.26 2.00
-1.30 -1.20 2.00
0.66 0.93 0.00
0.71 0.29 1.00
0.36 1.13 0.00
0.65 1.23 0.00
0.52 1.15 0.00
-1.25 -1.09 2.00
-1.58 -1.28 2.00
0.61 1.09 0.00
0.74 1.09 0.00
0.74 0.00 1.00
0.74 0.04 1.00
0.58 -0.17 1.00
0.64 -0.02 1.00
0.49 1.02 0.00
-1.46 -1.16 2.00
0.68 -0.14 1.00
0.80 -0.13 1.00
0.71 0.97 0.00
-1.51 -1.20 2.00
-1.29 -1.39 2.00
-1.48 -1.15 2.00
-1.57 -1.11 2.00
0.78 0.09 1.00
0.49 0.20 1.00
0.77 0.16 1.00
-1.46 -1.00 2.00
0.73 -0.07 1.00
0.67 0.10 1.00
0.81 -0.05 1.00
0.72 1.22 0.00
0.81 -0.04 1.00
0.78 1.08 0.00
-1.35 -1.30 2.00
-1.62 -1.11 2.00
0.47 -0.12 1.00
-1.15 -1.25 2.00
0.72 1.09 0.00
-1.70 -1.13 2.00
-1.32 -1.01 2.00
0.63 1.31 0.00
0.87 -0.28 1.00
-0.96 -1.14 2.00
-1.42 -1.29 2.00
0.87 -0.07 1.00
0.98 1.08 0.00
-1.55 -1.27 2.00
-1.33 -1.05 2.00
0.74 0.08 1.00
1.00 0.28 1.00
0.68 1.12 0.00
-1.53 -1.40 2.00
0.70 0.27 1.00
0.83 -0.01 1.00
-1.50 -1.29 2.00
0.65 0.04 1.00
0.66 1.31 0.00
-1.41 -1.11 2.00
0.69 1.20 0.00
0.71 -0.07 1.00
0.82 0.98 0.00
0.72 1.18 0.00
0.65 0.45 1.00
0.72 0.06 1.00
0.37 0.01 1.00
0.91 1.26 0.00
-1.24 -1.16 2.00
0.78 0.32 1.00
1.10 0.24 1.00
-1.16 -1.40 2.00
0.68 1.23 0.00
0.79 1.15 0.00
1.09 0.91 0.00
0.76 0.15 1.00
0.65 0.10 1.00
0.63 0.09 1.00
0.45 1.18 0.00
0.59 1.12 0.00
-1.36 -1.21 2.00
0.73 0.04 1.00
0.54 1.10 0.00
0.74 0.22 1.00
-1.29 -1.34 2.00
0.93 1.20 0.00
0.83 0.77 0.00
0.39 -0.05 1.00
-1.19 -1.45 2.00
0.87 1.14 0.00
-1.52 -1.31 2.00
-1.19 -1.30 2.00
-1.35 -1.20 2.00
0.91 0.23 1.00
0.57 1.33 0.00
0.69 1.21 0.00
0.73 -0.05 1.00
-0.86 -1.19 2.00
-1.29 -1.27 2.00
0.63 -0.03 1.00
0.84 1.09 0.00
-1.51 -1.16 2.00
0.84 -0.05 1.00
0.98 1.20 0.00
-1.47 -1.27 2.00
0.83 1.13 0.00
0.68 0.17 1.00
0.84 0.20 1.00
0.86 0.20 1.00
-1.28 -1.32 2.00
0.83 1.05 0.00
0.55 1.21 0.00
0.72 0.23 1.00
-1.49 -1.13 2.00
0.97 1.07 0.00
0.74 1.18 0.00
0.78 1.00 0.00
-1.38 -1.34 2.00
0.83 0.13 1.00
0.88 -0.05 1.00
0.72 -0.00 1.00
0.96 0.19 1.00
-1.36 -1.30 2.00
0.69 0.16 1.00
0.65 0.12 1.00
-1.24 -1.05 2.00
0.48 1.19 0.00
-1.41 -1.16 2.00
0.81 0.10 1.00
0.82 1.30 0.00
0.87 1.33 0.00
-1.24 -1.34 2.00
0.64 0.02 1.00
-1.44 -1.53 2.00
0.54 1.10 0.00
-1.41 -0.96 2.00
-1.55 -1.22 2.00
0.87 -0.05 1.00
-1.21 -1.16 2.00
0.79 0.01 1.00
0.71 0.16 1.00
-1.05 -1.27 2.00
0.81 1.18 0.00
-1.11 -1.54 2.00
-1.64 -1.40 2.00
-1.28 -1.42 2.00
0.58 0.03 1.00
-1.61 -1.24 2.00
0.70 -0.10 1.00
0.75 1.29 0.00
0.95 1.04 0.00
-1.46 -1.48 2.00
0.49 1.12 0.00
0.97 -0.12 1.00
-1.25 -1.23 2.00
0.71 1.14 0.00
1.12 -0.03 1.00
0.69 1.19 0.00
-1.36 -1.16 2.00
0.41 1.04 0.00
0.52 0.12 1.00
0.71 0.02 1.00
-1.31 -1.13 2.00
0.45 1.31 0.00
0.89 0.08 1.00
0.70 -0.06 1.00
0.36 -0.12 1.00
0.86 1.35 0.00
0.47 1.17 0.00
-1.58 -1.18 2.00
-1.26 -1.56 2.00
0.72 1.17 0.00
0.88 0.05 1.00
0.66 1.00 0.00
0.44 -0.04 1.00
0.88 1.18 0.00
0.83 1.13 0.00
0.61 1.14 0.00
0.89 0.23 1.00
0.93 1.21 0.00
0.72 1.26 0.00
0.56 -0.10 1.00
0.88 0.24 1.00
0.76 1.32 0.00
0.83 0.29 1.00
1.16 1.23 0.00
-1.46 -1.25 2.00
-1.59 -1.11 2.00
0.87 0.07 1.00
0.69 0.32 1.00
0.74 1.31 0.00
1.02 1.40 0.00
0.58 -0.04 1.00
-1.51 -1.34 2.00
0.64 1.16 0.00
-1.25 -1.38 2.00
0.63 0.12 1.00
-1.27 -1.30 2.00
0.65 1.16 0.00
0.73 -0.12 1.00
0.70 1.42 0.00
0.49 -0.03 1.00
-1.50 -1.34 2.00
0.65 -0.10 1.00
0.72 1.41 0.00
0.60 0.16 1.00
0.41 0.96 0.00
0.72 1.10 0.00
-1.42 -1.24 2.00
-1.31 -1.49 2.00
-1.18 -1.24 2.00
0.64 0.08 1.00
-1.17 -1.23 2.00
-1.58 -1.35 2.00
0.72 1.14 0.00
0.45 -0.11 1.00
0.56 0.01 1.00
0.43 0.04 1.00
0.51 1.41 0.00
0.87 0.97 0.00
-1.49 -1.22 2.00
-1.16 -1.09 2.00
0.79 0.12 1.00
-1.37 -1.30 2.00
-1.44 -1.28 2.00
0.19 1.31 0.00
0.74 -0.02 1.00
-1.64 -1.50 2.00
0.79 1.04 0.00
0.69 0.02 1.00
0.98 1.45 0.00
-1.54 -1.08 2.00
0.46 0.05 1.00
-1.40 -1.31 2.00
0.53 1.43 0.00
0.43 1.24 0.00
-1.55 -1.31 2.00
0.69 0.02 1.00
-1.36 -1.32 2.00
0.65 0.94 0.00
0.74 0.85 0.00
0.76 0.15 1.00
0.62 1.15 0.00
0.55 1.08 0.00
-1.68 -1.33 2.00
-1.38 -1.42 2.00
1.04 1.33 0.00
-1.26 -1.14 2.00
1.03 0.18 1.00
0.53 1.09 0.00
0.98 1.18 0.00
-1.47 -1.37 2.00
0.49 0.08 1.00
0.76 -0.12 1.00
-1.38 -1.14 2.00
-1.30 -1.12 2.00
0.44 0.10 1.00
0.60 -0.01 1.00
0.65 0.11 1.00
0.59 1.29 0.00
0.51 0.01 1.00
0.49 1.09 0.00
0.38 0.02 1.00
-1.60 -1.14 2.00
0.68 0.39 1.00
0.69 1.17 0.00
0.59 1.13 0.00
0.85 -0.06 1.00
-1.49 -1.41 2.00
-1.39 -1.24 2.00
0.49 1.18 0.00
-1.45 -1.18 2.00
0.99 0.16 1.00
-1.31 -1.27 2.00
-1.62 -1.31 2.00
0.64 0.40 1.00
0.90 0.24 1.00
-1.43 -1.27 2.00
0.76 0.15 1.00
0.79 0.30 1.00
0.50 1.17 0.00
0.69 1.30 0.00
0.61 -0.10 1.00
0.54 0.24 1.00
-1.24 -1.06 2.00
1.06 1.17 0.00
-1.39 -1.37 2.00
0.53 1.12 0.00
0.90 1.30 0.00
-1.53 -1.19 2.00
0.90 1.34 0.00
1.04 1.18 0.00
0.67 0.03 1.00
-1.14 -1.22 2.00
-1.56 -1.14 2.00
0.80 1.25 0.00
0.64 0.13 1.00
-1.41 -1.35 2.00
-1.49 -1.28 2.00
0.45 0.09 1.00
0.48 0.14 1.00
0.92 0.13 1.00
0.60 0.02 1.00
-1.65 -1.36 2.00
-1.49 -1.26 2.00
0.64 0.12 1.00
0.76 0.29 1.00
0.72 -0.02 1.00
0.68 0.02 1.00
0.57 0.31 1.00
0.73 -0.09 1.00
0.75 0.23 1.00
0.73 0.08 1.00
0.91 1.10 0.00
-1.82 -1.21 2.00
0.64 -0.08 1.00
0.53 -0.14 1.00
0.91 0.01 1.00
0.82 0.14 1.00
-1.44 -1.09 2.00
-1.16 -1.40 2.00
0.71 0.87 0.00
0.86 1.12 0.00
0.50 1.06 0.00
0.61 0.23 1.00
0.79 -0.08 1.00
0.62 0.03 1.00
0.72 1.12 0.00
0.96 1.26 0.00
0.66 0.16 1.00
-1.74 -1.32 2.00
0.68 0.02 1.00
0.41 0.02 1.00
-1.41 -1.24 2.00
0.78 1.28 0.00
-1.59 -1.15 2.00
-1.41 -1.22 2.00
-1.35 -1.28 2.00
-1.39 -1.16 2.00
0.69 0.10 1.00
0.88 0.02 1.00
-1.63 -1.31 2.00
0.70 1.05 0.00
0.72 0.39 1.00
0.72 0.04 1.00
-1.52 -1.34 2.00
-1.47 -1.30 2.00
0.64 0.15 1.00
-1.27 -1.23 2.00
-1.21 -1.23 2.00
-1.39 -1.48 2.00
0.71 0.06 1.00
0.57 -0.11 1.00
-1.53 -1.17 2.00
-1.41 -1.15 2.00
1.06 0.08 1.00
-1.50 -1.17 2.00
0.75 -0.09 1.00
-1.38 -1.45 2.00
-1.30 -1.18 2.00
0.59 -0.08 1.00
0.89 0.43 1.00
0.49 1.25 0.00
-1.33 -1.19 2.00
0.12 1.01 0.00
-1.63 -1.42 2.00
-1.26 -1.40 2.00
-1.30 -1.20 2.00
-1.38 -1.25 2.00
0.69 1.10 0.00
-1.13 -1.26 2.00
-1.14 -1.43 2.00
0.57 -0.12 1.00
0.79 0.22 1.00
0.60 -0.03 1.00
0.48 0.11 1.00
0.77 0.17 1.00
0.61 1.29 0.00
0.55 0.09 1.00
0.84 0.23 1.00
0.75 -0.06 1.00
-1.44 -1.43 2.00
0.69 0.18 1.00
0.71 0.97 0.00
-1.31 -1.73 2.00
0.59 1.24 0.00
0.84 1.14 0.00
-1.49 -1.11 2.00
-1.17 -1.25 2.00
-1.78 -1.11 2.00
0.48 0.13 1.00
0.85 0.21 1.00
0.62 0.07 1.00
0.35 0.08 1.00
0.72 1.13 0.00
-1.38 -1.12 2.00
0.85 0.26 1.00
-1.65 -1.11 2.00
-1.29 -1.13 2.00
0.58 0.10 1.00
0.82 1.50 0.00
0.92 0.31 1.00
0.44 1.22 0.00
0.49 1.05 0.00
0.72 0.04 1.00
0.67 1.28 0.00
0.64 0.17 1.00
0.71 0.13 1.00
1.11 1.19 0.00
0.76 1.22 0.00
0.56 1.05 0.00
0.77 1.37 0.00
0.67 0.04 1.00
0.90 1.25 0.00
0.40 -0.03 1.00
-1.27 -1.37 2.00
0.53 -0.05 1.00
-1.58 -1.25 2.00
0.41 1.22 0.00
0.76 1.35 0.00
-1.50 -1.28 2.00
-1.26 -1.18 2.00
0.86 1.02 0.00
-1.26 -1.37 2.00
0.67 0.11 1.00
0.69 1.11 0.00
-1.41 -1.21 2.00
0.89 1.08 0.00
0.82 1.15 0.00
0.83 0.10 1.00
0.71 -0.15 1.00
0.70 1.22 0.00
0.73 1.08 0.00
0.82 -0.15 1.00
0.44 0.01 1.00
-1.36 -1.33 2.00
0.57 1.50 0.00
0.45 0.12 1.00
0.60 0.21 1.00
0.46 -0.02 1.00
0.83 1.20 0.00
0.92 0.96 0.00
0.45 1.03 0.00
-1.62 -1.22 2.00
0.84 1.28 0.00
0.61 1.01 0.00
-1.53 -1.38 2.00
-1.35 -1.37 2.00
-1.56 -1.27 2.00
0.56 0.14 1.00
0.79 0.18 1.00
0.87 1.45 0.00
0.59 0.34 1.00
0.57 1.31 0.00
0.85 0.04 1.00
0.39 0.95 0.00
0.93 1.23 0.00
-1.52 -1.29 2.00
0.90 1.06 0.00
0.84 0.25 1.00
-1.30 -1.24 2.00
0.93 -0.13 1.00
-1.45 -1.13 2.00
-1.70 -1.37 2.00
0.69 1.46 0.00
0.68 0.26 1.00
0.78 0.06 1.00
0.44 1.05 0.00
-1.27 -1.22 2.00
0.75 1.35 0.00
-1.28 -1.23 2.00
-1.09 -1.18 2.00
