-0.87 1.52 0.00
-0.99 1.60 0.00
-0.92 -0.29 1.00
-0.39 0.64 0.00
-0.24 0.67 0.00
1.15 -0.75 2.00
-1.06 0.41 1.00
-1.80 1.48 -1.00
-0.32 -0.59 1.00
0.97 0.04 2.00
2.32 -2.34 3.00
1.20 -1.04 2.00
-0.74 0.08 1.00
1.25 -0.78 2.00
-0.91 0.37 1.00
0.34 -0.33 0.00
1.32 -0.71 2.00
1.33 -1.32 2.00
-0.78 0.06 1.00
-0.36 -0.26 1.00
-0.74 -0.16 1.00
1.52 -1.38 2.00
-0.92 0.33 1.00
-0.30 0.71 0.00
-0.22 -0.96 1.00
-0.73 1.26 0.00
1.96 -2.05 2.00
-0.34 0.70 0.00
1.48 -1.46 2.00
-0.46 -0.66 1.00
-0.58 0.83 0.00
-0.71 -0.30 1.00
-0.67 1.01 0.00
1.66 -1.24 2.00
1.44 -1.23 2.00
1.41 -1.00 2.00
1.51 -1.58 2.00
-0.63 1.14 0.00
1.18 -0.87 2.00
-1.01 0.54 1.00
-1.41 0.84 1.00
-0.65 0.01 1.00
-0.56 0.76 0.00
-0.80 1.21 0.00
1.16 -0.51 2.00
-0.45 -0.42 1.00
0.91 -0.44 2.00
-1.06 0.17 1.00
-0.54 0.76 0.00
-0.07 -0.02 0.00
-0.04 0.26 0.00
-0.62 1.23 0.00
-0.74 0.13 1.00
-0.96 0.09 1.00
-0.98 1.91 0.00
1.26 -1.03 2.00
-0.61 -0.20 1.00
-0.98 1.80 0.00
-0.23 0.42 0.00
-0.86 1.19 0.00
-0.27 0.58 0.00
-1.12 0.43 1.00
-0.32 1.16 0.00
1.74 -1.49 2.00
-0.28 0.78 0.00
-0.55 1.04 0.00
-0.72 -0.10 1.00
1.34 -0.84 2.00
-0.72 1.08 0.00
-0.34 0.98 0.00
-0.47 0.82 0.00
-0.81 1.23 0.00
-0.67 1.22 0.00
1.62 -1.59 2.00
-0.64 -0.10 1.00
-0.26 0.84 0.00
-0.41 1.04 0.00
0.60 0.19 2.00
1.40 -0.95 2.00
-0.55 1.04 0.00
-0.70 -0.09 1.00
-1.26 0.98 1.00
-0.30 0.41 0.00
0.97 -0.47 2.00
-0.88 0.34 1.00
1.30 -1.08 2.00
1.59 -1.25 2.00
-0.83 -0.02 1.00
-1.28 1.04 1.00
-1.11 0.62 1.00
2.10 -2.45 3.00
-1.35 2.19 -1.00
1.36 -1.08 2.00
1.10 -0.41 2.00
-0.93 1.47 0.00
-1.17 1.83 0.00
1.58 -1.33 2.00
-0.33 0.90 0.00
-0.32 0.67 0.00
-1.39 1.08 1.00
1.26 -0.87 2.00
-0.08 -0.83 1.00
-1.11 0.40 1.00
-0.54 1.12 0.00
-0.73 -0.37 1.00
1.05 -0.82 2.00
-0.69 1.72 0.00
1.35 -1.18 2.00
-0.56 -0.45 1.00
-0.44 0.69 0.00
0.94 -0.54 2.00
-1.15 0.33 1.00
-0.66 -0.24 1.00
-0.61 -0.46 1.00
0.85 -0.05 2.00
0.18 -0.05 0.00
1.23 -0.93 2.00
-0.92 1.88 0.00
-0.45 0.94 0.00
-1.38 1.05 1.00
1.25 -0.93 2.00
-1.11 2.08 0.00
1.15 -0.54 2.00
-0.34 -0.50 1.00
-0.17 0.31 0.00
1.47 -1.11 2.00
-1.03 2.03 0.00
-0.23 0.40 0.00
1.79 -1.67 2.00
-1.34 0.79 1.00
-0.72 -0.34 1.00
1.77 -1.98 2.00
-0.07 -1.44 1.00
0.98 -0.43 2.00
-0.19 0.67 0.00
-0.74 1.41 0.00
-0.79 0.24 1.00
1.51 -1.29 2.00
0.94 -0.44 2.00
-0.81 1.30 0.00
-0.88 1.66 0.00
-0.72 1.50 0.00
-0.66 1.00 0.00
0.94 -0.18 2.00
-0.14 0.32 0.00
-0.93 0.51 1.00
1.75 -1.85 2.00
-0.50 1.04 0.00
-0.70 -0.33 1.00
1.19 -0.98 2.00
-0.08 0.07 0.00
-0.07 0.24 0.00
1.64 -1.57 2.00
-0.89 0.22 1.00
1.87 -1.74 2.00
1.63 -1.49 2.00
-0.77 0.10 1.00
1.70 -1.63 2.00
-0.55 -0.29 1.00
1.87 -1.79 2.00
1.56 -1.35 2.00
1.47 -1.52 2.00
1.37 -1.35 2.00
1.17 -0.80 2.00
-1.60 1.28 1.00
-0.62 -0.17 1.00
-0.29 0.93 0.00
-0.39 -0.95 1.00
-0.78 0.18 1.00
-0.88 1.51 0.00
-1.41 1.14 1.00
-0.58 0.13 1.00
-0.14 0.34 0.00
1.27 -0.78 2.00
-0.26 0.66 0.00
1.32 -1.07 2.00
-0.66 -0.08 1.00
-0.50 1.07 0.00
-0.59 0.95 0.00
-0.71 1.23 0.00
-1.39 1.82 0.00
-0.76 -0.16 1.00
1.08 -0.67 2.00
-0.17 0.43 0.00
-1.06 1.68 0.00
-0.97 1.52 0.00
-0.31 -0.65 1.00
-1.23 2.01 0.00
-0.18 0.74 0.00
0.05 0.15 0.00
1.60 -1.46 2.00
-0.47 0.98 0.00
-0.61 -0.08 1.00
-0.46 1.23 0.00
1.48 -1.35 2.00
-0.49 -0.42 1.00
1.45 -1.48 2.00
-0.70 1.30 0.00
-1.09 0.25 1.00
1.20 -0.92 2.00
-0.77 0.32 1.00
1.47 -1.40 2.00
-1.35 1.97 0.00
-0.48 -0.46 1.00
-0.52 -0.21 1.00
0.79 -0.07 2.00
-0.92 1.55 0.00
-0.66 -0.11 1.00
-1.24 0.43 1.00
-0.47 1.09 0.00
1.65 -1.37 2.00
0.99 -0.50 2.00
-0.75 1.09 0.00
-0.93 0.25 1.00
1.14 -0.54 2.00
-0.86 1.53 0.00
-0.98 1.86 0.00
-0.92 1.48 0.00
-0.54 -0.09 1.00
-0.43 0.47 0.00
1.14 -0.71 2.00
1.42 -1.28 2.00
-0.46 -0.68 1.00
1.38 -1.09 2.00
0.98 -0.49 2.00
-0.05 0.43 0.00
1.29 -1.00 2.00
-0.84 0.24 1.00
1.15 -0.71 2.00
1.81 -2.22 2.00
-0.59 0.81 0.00
-0.71 1.53 0.00
0.89 -0.70 2.00
-0.44 0.73 0.00
-0.16 0.57 0.00
-0.17 0.29 0.00
-0.61 -0.43 1.00
-0.46 -0.42 1.00
1.35 -1.04 2.00
-0.89 1.64 0.00
1.25 -0.77 2.00
-0.35 0.89 0.00
-0.19 0.40 0.00
-0.85 -0.05 1.00
-0.76 -0.10 1.00
1.47 -0.86 2.00
1.27 -0.98 2.00
-0.99 0.15 1.00
-0.77 1.61 0.00
1.22 -0.88 2.00
-0.80 -0.22 1.00
-0.82 -0.33 1.00
-0.79 0.19 1.00
-0.68 -0.27 1.00
-0.47 -0.60 1.00
-0.57 -0.69 1.00
-0.31 -0.70 1.00
-0.46 0.88 0.00
1.28 -1.28 2.00
-0.69 1.08 0.00
-0.49 -0.31 1.00
-0.33 0.71 0.00
-0.20 -0.97 1.00
1.18 -0.57 2.00
-0.36 -0.53 1.00
1.21 -0.97 2.00
-0.44 -0.76 1.00
-0.10 -0.81 1.00
-0.31 0.86 0.00
-0.14 0.28 0.00
-0.84 0.03 1.00
0.98 -0.46 2.00
-0.78 -0.29 1.00
1.46 -1.22 2.00
1.56 -1.13 2.00
-0.67 1.00 0.00
-0.44 0.85 0.00
-1.20 0.57 1.00
-0.27 -0.60 1.00
-0.87 1.24 0.00
-1.03 0.08 1.00
-0.72 -0.15 1.00
-0.39 -0.39 1.00
-0.79 1.73 0.00
-0.62 1.16 0.00
0.88 -0.58 2.00
-0.58 0.88 0.00
-0.36 0.83 0.00
-0.30 -0.74 1.00
-0.45 -0.28 1.00
-0.01 -0.19 0.00
-0.50 -0.32 1.00
1.60 -1.11 2.00
-0.82 1.60 0.00
-0.42 0.79 0.00
-1.04 0.37 1.00
-0.58 -0.04 1.00
-0.84 1.36 0.00
1.20 -0.75 2.00
-0.80 0.41 1.00
0.70 -0.05 2.00
-0.58 1.12 0.00
1.14 -0.79 2.00
-1.09 1.84 0.00
-0.75 1.29 0.00
-0.90 0.36 1.00
-0.23 -0.74 1.00
1.44 -0.92 2.00
-1.06 0.21 1.00
1.56 -1.58 2.00
0.16 -0.09 0.00
2.44 -2.82 -1.00
-0.29 -0.74 1.00
-0.85 1.64 0.00
1.31 -1.11 2.00
1.30 -1.08 2.00
-0.97 0.45 1.00
1.52 -1.45 2.00
1.49 -1.39 2.00
1.42 -1.28 2.00
-0.88 0.13 1.00
-0.53 1.23 0.00
1.81 -1.82 2.00
-0.19 -1.01 1.00
1.00 -0.77 2.00
0.76 -0.02 2.00
-0.19 -0.90 1.00
1.49 -1.66 2.00
-1.13 0.57 1.00
-0.56 -0.23 1.00
0.74 -0.17 2.00
-0.22 0.67 0.00
-1.03 0.42 1.00
1.25 -1.14 2.00
-0.93 0.31 1.00
1.50 -1.20 2.00
-0.42 0.68 0.00
-0.32 0.63 0.00
1.49 -1.91 2.00
1.00 -0.78 2.00
-0.39 0.63 0.00
-0.53 -0.49 1.00
-0.85 0.15 1.00
1.92 -1.80 2.00
-1.21 0.80 1.00
-0.43 -0.58 1.00
-0.35 -0.38 1.00
-0.39 -0.55 1.00
-0.52 -0.17 1.00
-0.85 1.62 0.00
0.17 0.04 0.00
0.05 -0.16 0.00
0.09 -0.03 0.00
1.27 -1.19 2.00
-0.61 1.14 0.00
-1.05 0.16 1.00
1.41 -1.26 2.00
1.78 -1.66 2.00
-1.03 0.60 1.00
-0.68 1.33 0.00
-0.60 1.21 0.00
-0.89 0.22 1.00
-0.79 -0.03 1.00
-0.06 -1.17 1.00
-0.79 1.22 0.00
-0.61 1.31 0.00
0.90 -0.39 2.00
-0.95 0.62 1.00
1.43 -1.15 2.00
-0.85 0.11 1.00
-1.15 0.15 1.00
-0.86 0.16 1.00
1.40 -1.29 2.00
1.07 -0.71 2.00
-0.47 1.05 0.00
0.74 -0.12 2.00
-0.34 0.94 0.00
0.85 -0.16 2.00
1.70 -1.77 2.00
-1.37 0.80 1.00
0.92 -0.36 2.00
-0.39 -0.70 1.00
1.43 -1.23 2.00
1.39 -1.15 2.00
1.33 -0.71 2.00
1.16 -1.02 2.00
-0.55 0.92 0.00
0.11 -1.35 1.00
-0.19 0.44 0.00
-0.72 0.13 1.00
-0.55 -0.24 1.00
-0.68 1.04 0.00
1.37 -0.88 2.00
-0.23 -0.72 1.00
-1.31 0.96 1.00
1.24 -1.33 2.00
2.00 -1.69 2.00
1.05 -0.78 2.00
-0.96 1.44 0.00
-0.63 1.05 0.00
-0.67 -0.03 1.00
-0.44 -0.32 1.00
-0.68 0.02 1.00
-0.02 -1.43 1.00
1.13 -0.92 2.00
-0.83 0.03 1.00
-0.66 0.10 1.00
-1.11 0.41 1.00
-0.74 -0.24 1.00
-1.07 0.39 1.00
0.86 -0.35 2.00
-0.97 0.19 1.00
-1.19 2.22 0.00
-0.30 0.47 0.00
0.79 -0.23 2.00
-0.91 0.15 1.00
1.15 -0.80 2.00
1.51 -1.21 2.00
-0.83 1.20 0.00
-1.24 0.35 1.00
-1.02 0.22 1.00
0.76 -0.09 2.00
1.16 -1.18 2.00
-0.64 -0.13 1.00
1.12 -0.60 2.00
0.73 0.08 2.00
-0.41 -0.33 1.00
1.79 -1.72 2.00
1.03 -0.52 2.00
-0.81 1.46 0.00
-1.00 1.67 0.00
-0.43 0.66 0.00
1.32 -0.80 2.00
-0.33 -0.53 1.00
-0.32 1.04 0.00
1.73 -1.62 2.00
-0.84 -0.18 1.00
-0.78 1.42 0.00
-0.96 -0.02 1.00
-0.78 1.12 0.00
0.72 0.03 2.00
-1.12 0.66 1.00
-1.14 0.63 1.00
-0.92 0.41 1.00
0.16 0.14 0.00
-0.84 1.60 0.00
-0.85 0.41 1.00
1.16 -0.80 2.00
0.89 -0.28 2.00
1.30 -0.96 2.00
-1.20 1.97 0.00
-0.48 -0.65 1.00
-0.79 0.18 1.00
-0.31 -0.91 1.00
-0.73 1.47 0.00
-0.22 0.62 0.00
1.31 -0.86 2.00
-1.18 2.07 0.00
1.70 -1.42 2.00
1.36 -1.25 2.00
1.53 -1.57 2.00
-0.34 0.51 0.00
-0.70 -0.02 1.00
1.85 -1.91 2.00
-0.60 -0.33 1.00
-0.25 0.45 0.00
-0.35 0.66 0.00
0.69 -0.28 2.00
-0.62 1.02 0.00
1.09 -0.66 2.00
0.91 -0.82 2.00
1.30 -0.87 2.00
-0.74 1.12 0.00
-0.58 -0.27 1.00
-0.52 -0.50 1.00
0.04 0.10 0.00
0.85 -0.07 2.00
-0.77 1.60 0.00
1.74 -1.77 2.00
-0.45 0.93 0.00
-0.95 1.83 0.00
-0.85 0.18 1.00
-0.59 1.04 0.00
-1.10 0.73 1.00
-0.91 1.41 0.00
1.78 -1.67 2.00
-1.43 0.91 1.00
-1.01 0.56 1.00
-0.85 -0.02 1.00
-0.72 1.36 0.00
-1.07 0.26 1.00
-0.45 0.85 0.00
-0.58 -0.15 1.00
-0.64 -0.39 1.00
-0.82 -0.12 1.00
1.04 -0.32 2.00
1.29 -0.90 2.00
-0.49 -0.37 1.00
0.85 -0.12 2.00
2.02 -2.12 2.00
1.36 -1.45 2.00
-0.07 -0.72 1.00
-0.15 -0.90 1.00
-0.21 -0.82 1.00
-1.16 0.70 1.00
1.00 -0.42 2.00
-1.16 0.53 1.00
-0.24 0.47 0.00
-0.76 0.26 1.00
1.23 -0.87 2.00
-0.34 -0.66 1.00
0.06 0.02 0.00
-0.18 0.28 0.00
-0.90 0.41 1.00
-1.29 0.99 1.00
-0.39 0.53 0.00
1.60 -1.57 2.00
0.53 0.23 2.00
1.63 -1.41 2.00
-0.33 0.55 0.00
-0.43 -0.49 1.00
2.03 -2.49 3.00
1.22 -1.17 2.00
-0.11 0.40 0.00
-1.04 1.65 0.00
-1.41 1.00 1.00
-0.27 0.79 0.00
1.69 -1.24 2.00
0.95 -0.41 2.00
-0.82 1.33 0.00
0.78 -0.01 2.00
-1.01 2.10 0.00
1.54 -1.77 2.00
1.32 -1.04 2.00
-1.02 0.02 1.00
1.14 -0.60 2.00
-0.76 1.46 0.00
1.22 -0.79 2.00
0.37 -0.26 0.00
1.30 -0.92 2.00
-1.01 1.48 0.00
1.43 -0.98 2.00
-0.60 1.65 0.00
0.06 -1.11 1.00
-0.53 0.02 1.00
1.12 -0.95 2.00
-0.33 -0.42 1.00
-0.35 -0.53 1.00
-1.17 0.58 1.00
1.38 -1.18 2.00
0.25 0.06 0.00
-0.80 1.67 0.00
0.73 -0.04 2.00
1.15 -0.69 2.00
-0.84 0.05 1.00
-0.60 -0.18 1.00
-0.64 0.88 0.00
1.87 -1.61 2.00
-0.59 1.19 0.00
-0.52 0.86 0.00
-0.87 -0.03 1.00
-0.70 1.23 0.00
-1.22 0.59 1.00
-1.16 1.85 0.00
-0.35 -0.79 1.00
1.30 -0.76 2.00
1.49 -1.02 2.00
1.60 -1.03 2.00
-0.78 1.16 0.00
-1.33 0.58 1.00
1.46 -1.30 2.00
-0.86 0.22 1.00
1.01 -0.46 2.00
-0.71 1.36 0.00
-0.98 1.84 0.00
-1.05 0.44 1.00
-0.90 1.27 0.00
-0.96 1.67 0.00
1.60 -1.32 2.00
-1.14 0.79 1.00
-0.47 -0.32 1.00
0.87 -0.19 2.00
-1.30 0.33 1.00
-0.73 1.30 0.00
-0.54 -0.41 1.00
-0.11 0.88 0.00
-0.51 0.02 1.00
-0.76 1.51 0.00
1.44 -1.12 2.00
-0.39 -0.61 1.00
-0.54 -0.39 1.00
-0.49 0.93 0.00
-0.44 0.69 0.00
-1.08 0.58 1.00
1.43 -1.20 2.00
-0.73 0.12 1.00
-0.49 0.94 0.00
1.03 -0.47 2.00
-0.71 1.45 0.00
-0.43 -0.22 1.00
1.47 -1.56 2.00
-0.39 0.53 0.00
-0.49 -0.39 1.00
1.73 -1.72 2.00
-0.49 -0.13 1.00
-0.20 0.64 0.00
0.88 -0.52 2.00
1.00 -0.82 2.00
1.98 -1.84 2.00
1.23 -1.10 2.00
1.00 -0.63 2.00
-0.34 -0.53 1.00
1.27 -0.95 2.00
-0.61 -0.27 1.00
0.48 0.11 2.00
-0.55 -0.38 1.00
2.12 -2.37 3.00
-0.38 0.61 0.00
-1.08 1.75 0.00
1.81 -1.89 2.00
1.55 -1.33 2.00
-0.83 1.02 0.00
-1.01 1.47 0.00
-1.38 0.78 1.00
1.00 -0.74 2.00
-0.92 1.50 0.00
-1.68 1.31 1.00
-0.80 0.36 1.00
-0.21 -0.30 1.00
-0.39 -0.80 1.00
-0.77 0.01 1.00
0.87 -0.34 2.00
-1.05 1.47 0.00
-0.69 1.14 0.00
2.05 -1.94 2.00
0.13 -0.26 0.00
1.66 -1.63 2.00
-0.67 0.11 1.00
-0.53 0.96 0.00
-0.08 0.21 0.00
0.58 -0.30 2.00
-0.31 0.62 0.00
-1.14 2.03 0.00
-0.32 0.53 0.00
-0.04 0.16 0.00
0.03 -1.34 1.00
-1.04 1.87 0.00
-0.34 0.61 0.00
1.48 -0.99 2.00
-1.70 1.23 1.00
1.61 -1.13 2.00
-0.59 -0.37 1.00
1.26 -1.07 2.00
-0.66 1.38 0.00
-0.86 -0.08 1.00
-0.78 0.05 1.00
-0.99 1.45 0.00
-0.71 1.32 0.00
-1.24 0.49 1.00
0.62 -0.15 2.00
1.53 -1.59 2.00
1.47 -1.30 2.00
-0.50 -0.31 1.00
-0.21 0.36 0.00
-1.54 1.13 1.00
1.63 -1.33 2.00
-1.10 1.92 0.00
-0.38 -0.64 1.00
-1.03 0.50 1.00
-0.65 1.30 0.00
-0.94 1.31 0.00
0.08 -0.15 0.00
-0.50 1.06 0.00
-0.61 1.16 0.00
1.33 -1.37 2.00
-1.51 2.48 -1.00
1.89 -1.81 2.00
-0.87 1.30 0.00
-0.91 1.53 0.00
-1.42 0.78 1.00
-0.28 0.53 0.00
1.15 -0.93 2.00
-1.26 2.25 -1.00
1.40 -1.16 2.00
1.03 -0.74 2.00
-0.58 -0.17 1.00
0.79 -0.07 2.00
-0.09 -0.99 1.00
-1.15 1.79 0.00
-0.02 -0.99 1.00
1.80 -1.46 2.00
1.32 -0.97 2.00
-0.26 -0.76 1.00
-0.25 0.61 0.00
1.48 -0.97 2.00
-1.20 0.67 1.00
-1.26 0.59 1.00
-0.62 -0.16 1.00
-0.64 1.17 0.00
-1.07 0.48 1.00
1.05 -0.29 2.00
-0.64 1.25 0.00
1.31 -0.88 2.00
-0.96 0.32 1.00
1.35 -1.08 2.00
-1.39 1.02 1.00
-0.83 0.12 1.00
-0.30 -0.69 1.00
-1.02 0.59 1.00
-0.32 0.38 0.00
0.95 -0.57 2.00
-0.88 0.04 1.00
-1.00 1.41 0.00
-0.24 0.45 0.00
-0.41 -0.47 1.00
1.19 -0.76 2.00
-0.89 0.47 1.00
1.11 -0.60 2.00
-0.68 1.24 0.00
-0.76 1.15 0.00
-0.73 1.36 0.00
1.55 -1.30 2.00
-0.68 1.57 0.00
0.91 -0.36 2.00
1.24 -0.89 2.00
-0.84 -0.05 1.00
-1.08 0.56 1.00
-0.73 0.10 1.00
-0.44 0.97 0.00
-0.86 0.67 1.00
1.38 -1.21 2.00
-0.99 0.16 1.00
-0.40 0.95 0.00
-1.19 0.77 1.00
-0.08 0.42 0.00
-0.97 0.60 1.00
0.57 0.10 2.00
1.55 -1.24 2.00
-1.06 0.52 1.00
1.62 -1.46 2.00
-0.48 -0.33 1.00
0.68 -0.07 2.00
-1.47 2.71 -1.00
-0.43 0.73 0.00
1.65 -1.74 2.00
-0.64 0.97 0.00
1.08 -0.89 2.00
-0.75 -0.28 1.00
-0.06 0.51 0.00
-0.31 0.57 0.00
-0.07 0.16 0.00
-0.37 0.79 0.00
-0.73 -0.09 1.00
1.06 -0.41 2.00
1.52 -1.46 2.00
1.57 -1.39 2.00
1.09 -0.55 2.00
1.73 -1.35 2.00
1.00 -0.57 2.00
-1.30 0.55 1.00
-1.44 2.69 -1.00
-0.57 0.99 0.00
-0.77 -0.27 1.00
1.52 -1.34 2.00
-0.16 0.73 0.00
-0.20 0.17 0.00
-1.11 1.71 0.00
1.59 -1.19 2.00
-0.82 1.34 0.00
-0.87 0.21 1.00
1.61 -1.36 2.00
1.60 -1.46 2.00
-0.36 0.75 0.00
-0.66 1.06 0.00
1.71 -1.24 2.00
1.25 -0.90 2.00
-1.59 1.18 1.00
-0.53 -0.09 1.00
1.17 -0.87 2.00
1.88 -1.64 2.00
-0.96 0.14 1.00
-0.79 1.47 0.00
-0.58 0.89 0.00
-0.86 1.37 0.00
-0.44 0.94 0.00
-0.69 -0.34 1.00
-0.88 1.50 0.00
1.44 -1.24 2.00
-1.23 0.54 1.00
-0.76 -0.10 1.00
0.15 0.01 0.00
1.81 -1.77 2.00
-0.50 -0.05 1.00
-0.75 0.94 0.00
-0.62 0.80 0.00
1.18 -1.07 2.00
-0.48 0.82 0.00
-0.97 0.47 1.00
-0.30 0.92 0.00
-0.43 -0.28 1.00
0.95 -0.60 2.00
1.15 -0.75 2.00
-1.08 1.91 0.00
-0.53 0.79 0.00
-0.85 1.41 0.00
-0.42 0.69 0.00
1.36 -0.83 2.00
1.64 -1.78 2.00
-0.67 1.33 0.00
-0.85 0.26 1.00
1.76 -1.90 2.00
1.21 -0.91 2.00
-0.31 0.75 0.00
1.61 -1.33 2.00
0.16 -0.07 0.00
-0.19 -0.78 1.00
-0.51 0.73 0.00
-1.13 0.51 1.00
-0.72 1.20 0.00
-0.95 1.67 0.00
-0.79 1.18 0.00
-0.86 1.38 0.00
1.14 -1.13 2.00
1.91 -1.80 2.00
1.71 -1.51 2.00
-0.44 0.80 0.00
1.12 -0.66 2.00
1.50 -1.37 2.00
-0.99 0.65 1.00
0.26 -0.28 0.00
-0.69 -0.22 1.00
1.11 -0.64 2.00
-0.63 1.09 0.00
-0.09 0.22 0.00
-0.28 -0.74 1.00
1.01 -0.97 2.00
1.16 -0.67 2.00
-0.83 1.51 0.00
1.92 -2.13 2.00
-0.83 -0.25 1.00
1.67 -1.65 2.00
-0.33 -0.55 1.00
-0.74 -0.08 1.00
2.21 -2.27 3.00
1.33 -1.23 2.00
-1.00 1.75 0.00
-0.75 1.41 0.00
-0.48 0.69 0.00
-0.89 0.23 1.00
-1.16 0.24 1.00
-0.38 0.53 0.00
-0.40 0.88 0.00
-0.55 -0.28 1.00
-0.29 0.44 0.00
1.18 -1.03 2.00
0.66 -0.01 2.00
-0.84 0.40 1.00
-0.64 1.19 0.00
-0.74 0.07 1.00
-0.40 -0.68 1.00
-0.89 0.47 1.00
-0.48 -0.54 1.00
-0.64 1.42 0.00
-0.10 -0.56 -1.00
-0.74 -0.17 1.00
1.20 -0.82 2.00
-0.51 0.94 0.00
-0.16 -1.20 1.00
-0.43 1.16 0.00
-0.75 -0.16 1.00
1.23 -0.76 2.00
-0.41 -1.16 -1.00
-1.67 1.35 1.00
0.99 -0.64 2.00
1.83 -1.57 2.00
1.25 -0.98 2.00
1.69 -1.57 2.00
-0.58 1.33 0.00
1.53 -1.69 2.00
-0.95 0.42 1.00
-0.36 0.47 0.00
-1.35 1.12 1.00
-0.17 0.54 0.00
1.57 -1.20 2.00
-1.06 0.46 1.00
-0.98 0.23 1.00
-0.96 0.83 1.00
-0.87 1.43 0.00
-0.44 -0.89 1.00
-0.13 -0.86 1.00
-0.75 1.37 0.00
-0.37 0.91 0.00
1.37 -1.08 2.00
1.50 -1.14 2.00
1.20 -0.64 2.00
-0.31 0.67 0.00
-1.17 1.01 1.00
-0.51 0.62 0.00
-1.02 1.85 0.00
-0.58 -0.29 1.00
1.10 -0.98 2.00
1.34 -1.00 2.00
-0.85 0.42 1.00
-0.90 1.61 0.00
-2.03 1.99 -1.00
0.83 -0.10 2.00
2.35 -2.71 -1.00
-0.59 1.00 0.00
-0.38 -0.68 1.00
-0.65 -0.24 1.00
0.95 -0.26 2.00
1.43 -1.12 2.00
1.32 -1.36 2.00
1.05 -0.77 2.00
-1.41 2.51 -1.00
-1.04 1.99 0.00
1.04 -0.47 2.00
-0.30 0.57 0.00
1.08 -0.62 2.00
-0.65 1.27 0.00
-0.69 -0.01 1.00
-0.38 1.23 0.00
1.55 -1.51 2.00
-0.68 1.30 0.00
1.12 -0.77 2.00
-0.48 0.84 0.00
-0.71 1.35 0.00
-1.13 0.34 1.00
-1.36 0.66 1.00
-0.84 -0.08 1.00
0.88 -0.60 2.00
-0.16 0.66 0.00
0.24 -0.16 0.00
1.69 -1.70 2.00
-0.42 -0.58 1.00
1.04 -0.49 2.00
-0.31 0.52 0.00
-0.57 -0.48 1.00
0.84 -0.32 2.00
0.07 0.16 0.00
1.18 -0.80 2.00
-0.58 -0.34 1.00
-0.86 0.16 1.00
1.40 -1.41 2.00
-0.79 -0.20 1.00
-0.04 0.19 0.00
-0.06 0.45 0.00
-0.88 1.90 0.00
1.37 -1.20 2.00
1.01 -0.15 2.00
1.49 -1.16 2.00
1.18 -0.81 2.00
1.40 -1.42 2.00
1.83 -1.71 2.00
1.38 -1.19 2.00
-0.92 0.43 1.00
-0.30 -0.39 1.00
-1.02 0.46 1.00
-1.28 0.82 1.00
-0.63 -0.26 1.00
1.19 -0.99 2.00
0.95 -0.47 2.00
0.84 -0.28 2.00
1.21 -1.07 2.00
2.03 -2.01 2.00
-0.31 0.84 0.00
-0.81 -0.09 1.00
-0.01 -0.00 0.00
0.27 -0.06 0.00
1.34 -1.19 2.00
-1.32 0.75 1.00
1.37 -1.44 2.00
-0.95 0.56 1.00
-0.94 0.30 1.00
-0.20 0.35 0.00
-0.67 1.16 0.00
-0.32 -0.80 1.00
1.59 -1.53 2.00
-1.11 0.42 1.00
-0.81 0.25 1.00
-0.40 0.98 0.00
1.71 -1.77 2.00
-0.86 0.06 1.00
1.59 -1.22 2.00
-1.07 1.63 0.00
-0.64 -0.42 1.00
-1.53 2.04 -1.00
-1.31 2.36 -1.00
-1.10 1.77 0.00
1.63 -1.36 2.00
-1.25 0.62 1.00
1.72 -1.36 2.00
-0.30 -0.77 1.00
-0.26 -0.85 1.00
-0.35 0.64 0.00
-0.19 0.63 0.00
1.20 -0.69 2.00
-0.77 1.27 0.00
0.85 -0.02 2.00
-0.58 -0.81 1.00
-0.86 0.21 1.00
1.39 -0.94 2.00
-0.71 -0.03 1.00
1.52 -1.40 2.00
-0.23 0.20 0.00
1.65 -1.38 2.00
1.24 -0.88 2.00
-1.01 0.25 1.00
-0.59 -0.21 1.00
2.10 -2.18 2.00
-0.18 0.29 0.00
0.91 -0.04 2.00
1.01 -0.40 2.00
1.11 -0.60 2.00
-0.47 1.08 0.00
-0.60 1.53 0.00
-0.93 1.58 0.00
-0.94 0.23 1.00
1.28 -0.94 2.00
1.07 -0.87 2.00
1.39 -1.20 2.00
-1.16 0.89 1.00
0.01 0.37 0.00
-0.29 0.35 0.00
-0.45 1.16 0.00
1.35 -1.22 2.00
-0.96 1.42 0.00
-0.52 0.98 0.00
-0.97 1.99 0.00
-1.02 0.27 1.00
-1.46 0.97 1.00
-0.78 1.19 0.00
-0.54 1.04 0.00
-0.60 -0.52 1.00
-0.38 0.51 0.00
-0.68 0.10 1.00
-1.52 1.25 1.00
-1.11 1.50 0.00
-0.93 1.38 0.00
-1.60 2.49 -1.00
1.58 -1.31 2.00
-0.59 1.31 0.00
-0.90 0.17 1.00
-0.35 0.75 0.00
-0.92 0.36 1.00
-0.49 -0.35 1.00
0.74 0.10 2.00
-0.86 -0.09 1.00
-0.71 -0.10 1.00
-0.51 1.11 0.00
1.06 -0.68 2.00
1.84 -1.95 2.00
1.64 -1.82 2.00
-0.86 0.33 1.00
-0.76 1.50 0.00
1.51 -1.52 2.00
-0.64 1.14 0.00
0.04 0.27 0.00
-0.85 0.18 1.00
-0.49 -0.40 1.00
1.60 -1.58 2.00
-0.03 -0.99 1.00
1.44 -0.96 2.00
-1.02 0.34 1.00
-0.12 -0.85 1.00
0.33 -0.08 0.00
1.43 -1.13 2.00
-0.19 0.61 0.00
-0.75 -0.19 1.00
-0.57 0.91 0.00
1.13 -0.79 2.00
1.48 -1.55 2.00
1.27 -1.04 2.00
-0.14 0.48 0.00
-0.47 1.02 0.00
1.71 -1.81 2.00
-0.06 -0.77 1.00
-0.48 0.77 0.00
-0.64 -0.19 1.00
1.37 -1.13 2.00
-0.92 0.41 1.00
-0.47 1.03 0.00
-0.53 0.94 0.00
-0.87 0.16 1.00
-0.56 1.02 0.00
-0.69 -0.11 1.00
-0.04 0.11 0.00
0.92 -0.24 2.00
-0.25 0.64 0.00
1.70 -1.59 2.00
-0.56 0.86 0.00
1.64 -1.32 2.00
-1.16 0.73 1.00
-0.59 1.07 0.00
-0.32 0.82 0.00
-0.82 1.22 0.00
-0.96 -0.03 1.00
0.95 -0.47 2.00
1.21 -0.91 2.00
0.00 0.08 0.00
-1.53 1.26 1.00
1.55 -1.33 2.00
-0.46 0.97 0.00
-1.59 1.31 1.00
1.53 -1.54 2.00
-0.92 0.23 1.00
1.47 -1.29 2.00
-0.08 0.30 0.00
1.13 -0.56 2.00
1.08 -0.31 2.00
-0.26 0.66 0.00
0.51 0.20 2.00
1.35 -0.87 2.00
-0.12 0.33 0.00
1.84 -1.85 2.00
-1.11 0.71 1.00
-1.11 0.66 1.00
1.54 -1.31 2.00
1.13 -0.84 2.00
0.91 -0.60 2.00
-0.14 0.49 0.00
-1.55 1.06 1.00
1.52 -1.23 2.00
-1.19 1.45 0.00
0.66 -0.49 -1.00
-1.17 0.54 1.00
-0.47 0.85 0.00
1.32 -1.06 2.00
1.90 -1.94 2.00
-1.38 1.15 1.00
-0.19 0.49 0.00
-1.52 1.12 1.00
-0.26 0.54 0.00
-0.87 1.35 0.00
-0.30 -0.33 1.00
-0.60 1.26 0.00
1.64 -1.39 2.00
-1.37 0.77 1.00
-0.84 0.27 1.00
1.06 -0.84 2.00
1.29 -1.58 2.00
1.19 -0.94 2.00
0.54 0.06 2.00
-0.91 0.46 1.00
-0.57 -0.10 1.00
-0.76 -0.04 1.00
1.06 -0.46 2.00
-0.24 0.46 0.00
-0.96 0.30 1.00
-1.10 0.69 1.00
0.87 -0.58 2.00
-0.83 1.22 0.00
0.55 0.29 2.00
-0.86 0.08 1.00
-1.21 0.51 1.00
-0.19 -0.76 1.00
1.57 -1.24 2.00
-0.46 -0.16 1.00
-0.85 1.25 0.00
-1.61 1.26 1.00
-0.28 -0.98 1.00
-0.42 -0.27 1.00
-0.80 -0.05 1.00
-0.39 0.45 0.00
-0.58 0.94 0.00
1.64 -1.54 2.00
0.92 -0.46 2.00
-1.28 0.99 1.00
-0.73 0.03 1.00
-0.44 0.69 0.00
1.20 -1.43 2.00
-0.63 -0.36 1.00
-0.71 1.15 0.00
1.30 -1.02 2.00
-0.89 0.00 1.00
1.76 -1.56 2.00
-0.86 0.93 0.00
-0.53 -0.14 1.00
-0.37 0.53 0.00
-0.53 0.62 0.00
-0.66 -0.02 1.00
0.85 -0.40 2.00
-1.03 1.90 0.00
0.79 -0.06 2.00
-0.55 0.07 1.00
0.05 0.35 0.00
1.41 -1.04 2.00
0.88 -0.34 2.00
1.13 -0.83 2.00
-0.87 1.45 0.00
-0.61 1.06 0.00
-0.82 1.38 0.00
0.67 -0.25 2.00
-0.46 -0.50 1.00
-0.51 0.82 0.00
-0.47 0.95 0.00
-0.78 0.11 1.00
-1.10 0.28 1.00
-0.95 1.60 0.00
-0.65 1.35 0.00
-0.74 1.20 0.00
-0.79 1.64 0.00
-0.46 -0.19 1.00
1.58 -1.75 2.00
-0.07 0.22 0.00
0.06 0.28 0.00
1.34 -1.08 2.00
-1.06 1.69 0.00
-0.49 1.05 0.00
1.39 -0.86 2.00
-1.08 0.49 1.00
-0.93 0.21 1.00
-0.98 0.47 1.00
1.68 -1.46 2.00
-0.47 -0.34 1.00
-0.40 -0.52 1.00
1.68 -1.56 2.00
-0.70 1.02 0.00
-0.83 0.25 1.00
-0.63 -0.34 1.00
-0.75 1.16 0.00
0.97 -0.05 2.00
-1.24 0.77 1.00
1.81 -1.64 2.00
1.07 -0.68 2.00
1.37 -1.14 2.00
-0.66 1.04 0.00
-0.45 -0.48 1.00
1.11 -0.47 2.00
-0.22 -0.98 1.00
-0.43 0.88 0.00
1.67 -1.56 2.00
-0.06 -1.08 1.00
-0.30 0.69 0.00
-0.30 0.49 0.00
-0.69 -0.35 1.00
-0.62 -0.27 1.00
1.37 -1.10 2.00
0.86 -0.27 2.00
-0.96 0.24 1.00
0.84 -0.51 2.00
-0.72 1.36 0.00
-0.54 -0.38 1.00
-1.01 0.36 1.00
-0.47 1.07 0.00
-1.14 0.50 1.00
1.03 -0.57 2.00
-0.50 1.13 0.00
0.89 -0.19 2.00
1.05 -0.66 2.00
0.91 -0.46 2.00
-1.04 1.66 0.00
1.48 -1.17 2.00
-0.22 -0.90 1.00
-0.67 1.13 0.00
-0.63 -0.22 1.00
1.52 -1.40 2.00
-0.50 -0.05 1.00
-1.24 0.62 1.00
-0.34 0.60 0.00
1.12 -0.87 2.00
-0.95 1.46 0.00
-0.92 0.31 1.00
-0.62 1.20 0.00
-0.73 1.37 0.00
1.46 -1.34 2.00
-1.02 0.44 1.00
-1.11 0.45 1.00
1.86 -2.15 2.00
-0.60 0.94 0.00
-0.89 1.58 0.00
-0.58 0.70 0.00
-0.29 0.75 0.00
-0.91 0.26 1.00
-1.11 1.98 0.00
-0.66 0.07 1.00
-0.47 -0.18 1.00
1.30 -1.16 2.00
0.90 -0.60 2.00
1.06 -0.44 2.00
-0.58 1.02 0.00
-0.35 -0.62 1.00
-0.30 0.68 0.00
-0.55 1.03 0.00
-0.41 -0.99 1.00
1.11 -0.18 2.00
-0.72 1.39 0.00
-1.14 0.74 1.00
-0.15 -1.02 1.00
-0.93 -0.04 1.00
-0.38 0.53 0.00
-0.90 1.49 0.00
-0.59 1.00 0.00
1.53 -1.35 2.00
0.17 -0.07 0.00
-0.65 1.32 0.00
1.00 -0.49 2.00
1.24 -0.45 2.00
-0.68 -0.29 1.00
1.14 -1.25 2.00
-0.40 -0.28 1.00
-0.60 0.95 0.00
-0.63 -0.06 1.00
1.42 -1.17 2.00
-0.72 0.11 1.00
-0.75 -0.08 1.00
-0.96 -0.03 1.00
1.27 -0.96 2.00
1.26 -1.03 2.00
-0.27 0.62 0.00
0.95 -0.53 2.00
-0.96 0.25 1.00
-0.61 -0.41 1.00
1.33 -1.30 2.00
-1.03 0.17 1.00
1.14 -0.66 2.00
-1.04 2.09 0.00
1.79 -1.97 2.00
1.27 -0.77 2.00
-0.43 0.96 0.00
-0.75 1.10 0.00
1.18 -0.62 2.00
-0.73 -0.00 1.00
-0.97 1.67 0.00
-0.97 0.40 1.00
-1.41 1.17 1.00
-0.17 0.84 0.00
-0.24 0.44 0.00
-0.37 -0.49 1.00
-0.10 0.34 0.00
-0.67 1.10 0.00
-0.53 0.91 0.00
-0.79 -0.14 1.00
-0.15 -0.95 1.00
-0.46 1.05 0.00
1.26 -0.66 2.00
-0.60 1.27 0.00
-0.46 0.75 0.00
-0.30 0.69 0.00
-0.70 1.25 0.00
-0.42 0.65 0.00
-0.62 -0.29 1.00
-0.85 1.33 0.00
-1.33 1.00 1.00
-0.90 0.17 1.00
1.25 -0.71 2.00
1.09 -0.54 2.00
0.01 0.35 0.00
-0.87 0.32 1.00
-1.09 1.86 0.00
-1.36 0.72 1.00
-0.44 -0.41 1.00
1.84 -1.91 2.00
-0.70 -0.16 1.00
-0.15 -0.98 1.00
1.21 -1.22 2.00
1.29 -0.99 2.00
-0.92 -0.07 1.00
1.27 -0.94 2.00
-0.81 1.39 0.00
1.20 -1.09 2.00
-0.76 -0.21 1.00
-0.50 -0.83 1.00
-0.10 0.40 0.00
1.77 -1.39 2.00
1.44 -1.28 2.00
-0.39 1.05 0.00
1.14 -0.82 2.00
1.67 -1.65 2.00
-0.44 -0.30 1.00
1.32 -1.00 2.00
-0.59 1.11 0.00
2.19 -2.31 3.00
-1.08 0.82 1.00
1.23 -0.82 2.00
1.37 -1.16 2.00
1.37 -0.97 2.00
-0.46 -0.52 1.00
-0.38 -0.40 1.00
-0.70 -0.22 1.00
-0.22 -1.11 1.00
-0.03 0.21 0.00
-0.55 -0.41 1.00
-0.17 0.70 0.00
-1.08 1.70 0.00
-0.41 -0.25 1.00
-0.44 -0.53 1.00
1.34 -1.00 2.00
0.86 -0.44 2.00
2.90 -3.33 -1.00
-0.45 0.81 0.00
-0.81 1.36 0.00
-0.05 0.26 0.00
-0.97 0.11 1.00
1.27 -1.09 2.00
1.66 -1.53 2.00
1.64 -1.44 2.00
-0.39 0.68 0.00
1.34 -1.26 2.00
-0.10 0.37 0.00
-0.70 0.03 1.00
-0.11 0.36 0.00
1.13 -0.89 2.00
-0.95 0.18 1.00
1.28 -0.91 2.00
1.87 -1.65 2.00
-0.46 -0.43 1.00
1.43 -1.15 2.00
-1.34 0.81 1.00
-0.21 0.48 0.00
-0.72 1.21 0.00
0.01 0.22 0.00
1.84 -1.66 2.00
2.37 -2.38 -1.00
1.17 -0.82 2.00
-0.76 0.11 1.00
1.78 -1.72 2.00
0.89 -0.22 2.00
1.04 -0.24 2.00
-0.56 1.04 0.00
-0.42 -0.35 1.00
-1.33 1.00 1.00
-1.00 0.35 1.00
1.29 -0.97 2.00
-0.35 0.75 0.00
0.86 -0.40 2.00
-0.81 0.00 1.00
-0.21 0.78 0.00
-0.23 0.48 0.00
1.53 -1.12 2.00
1.46 -0.93 2.00
-0.28 -0.24 1.00
1.78 -1.40 2.00
-0.89 -0.03 1.00
-0.62 -0.24 1.00
1.00 -0.58 2.00
1.42 -1.30 2.00
0.53 0.15 2.00
-0.54 1.27 0.00
1.39 -1.23 2.00
-0.96 1.87 0.00
-0.98 1.32 0.00
-0.51 1.18 0.00
-0.83 0.34 1.00
1.47 -1.29 2.00
1.23 -0.97 2.00
-0.84 0.24 1.00
0.03 -1.26 1.00
-0.39 0.91 0.00
-0.51 -0.63 1.00
-0.52 -0.48 1.00
-0.30 -0.73 1.00
0.79 -0.58 2.00
-0.85 0.17 1.00
0.01 -1.29 1.00
1.23 -0.60 2.00
-0.01 0.52 0.00
-1.21 0.49 1.00
-0.34 0.93 0.00
-0.55 -0.63 1.00
-0.56 0.83 0.00
-1.13 1.94 0.00
-0.51 -0.26 1.00
-0.35 0.72 0.00
-0.60 1.19 0.00
-0.30 0.64 0.00
-0.69 0.25 1.00
-1.17 1.79 0.00
-1.33 1.94 0.00
-1.51 1.09 1.00
-0.04 0.33 0.00
0.99 -0.49 2.00
-0.60 1.17 0.00
1.63 -1.06 2.00
-0.43 -0.25 1.00
1.16 -1.03 2.00
1.12 -0.81 2.00
1.01 -0.42 2.00
-0.68 0.07 1.00
-0.53 0.94 0.00
1.54 -1.80 2.00
-1.03 0.17 1.00
-1.06 0.64 1.00
1.19 -0.65 2.00
-0.59 1.20 0.00
1.29 -1.19 2.00
0.66 -0.45 -1.00
1.59 -1.51 2.00
0.93 -0.24 2.00
-0.93 0.15 1.00
-0.56 1.04 0.00
-1.01 1.88 0.00
0.92 -0.16 2.00
-1.20 0.61 1.00
1.54 -1.37 2.00
-0.39 -0.70 1.00
-0.59 1.27 0.00
1.41 -1.43 2.00
0.57 -0.11 2.00
1.39 -1.20 2.00
