-1.21 -1.25 1.00
1.66 0.34 0.00
0.98 -0.01 0.00
1.56 0.67 0.00
0.78 -0.53 0.00
-0.96 -0.29 1.00
1.67 -0.12 0.00
0.28 1.74 0.00
-1.09 1.34 1.00
0.76 -0.48 0.00
0.31 -0.82 0.00
-0.39 -0.71 1.00
0.17 -0.93 0.00
-0.19 1.68 1.00
1.73 -0.31 0.00
1.35 -1.11 0.00
-0.08 -0.95 1.00
0.77 -0.63 0.00
-1.84 0.28 1.00
-0.41 0.68 1.00
0.13 1.77 1.00
1.17 -1.45 0.00
1.35 1.13 0.00
-1.55 -0.89 1.00
-0.93 0.13 1.00
0.71 0.40 0.00
-0.86 -0.18 1.00
-0.33 -1.65 1.00
0.18 0.94 0.00
-0.25 -0.75 1.00
0.55 -0.55 0.00
-1.52 0.90 1.00
-0.93 -0.02 1.00
0.28 0.94 0.00
-0.78 0.04 1.00
0.57 -0.70 0.00
-1.08 -1.20 1.00
0.22 -1.73 0.00
-1.25 -1.25 1.00
-1.48 0.69 1.00
-0.80 -0.51 1.00
0.61 -0.81 0.00
0.95 0.06 0.00
1.32 -1.17 0.00
-1.10 1.37 1.00
-0.68 -1.59 1.00
-0.84 0.31 1.00
1.68 -0.62 0.00
0.50 0.57 0.00
-0.67 -0.69 1.00
0.92 0.45 0.00
-0.83 -0.40 1.00
0.09 -1.69 1.00
0.13 -0.68 1.00
-0.29 -1.60 1.00
-0.05 -0.99 1.00
1.63 -0.61 0.00
-0.79 -1.59 1.00
0.81 0.06 0.00
-0.91 0.14 1.00
-1.31 -1.19 1.00
1.54 0.99 0.00
-0.82 0.40 1.00
-0.59 1.73 1.00
0.06 0.83 1.00
-0.02 0.92 1.00
-0.56 -1.82 1.00
-0.59 -0.78 1.00
-1.35 -1.15 1.00
-0.98 0.14 1.00
1.63 0.16 0.00
-1.69 -1.06 1.00
0.73 0.19 0.00
-0.73 0.53 1.00
0.75 1.56 0.00
-0.14 -1.71 1.00
0.04 0.88 1.00
-0.23 1.85 1.00
0.53 1.66 0.00
0.40 -0.66 0.00
0.76 -0.38 0.00
-1.65 -0.63 1.00
-1.08 -1.28 1.00
-1.37 -1.30 1.00
0.60 0.67 0.00
-0.77 1.44 1.00
0.60 -0.47 0.00
-0.94 -1.52 1.00
-0.07 -1.78 1.00
-1.76 0.09 1.00
0.38 -1.76 0.00
0.02 -1.78 1.00
-1.18 1.06 1.00
1.74 0.40 0.00
-0.63 -0.42 1.00
-0.10 -1.01 1.00
1.56 -1.13 0.00
-0.57 1.66 1.00
1.76 0.50 0.00
0.16 0.95 1.00
-0.69 0.35 1.00
0.32 -0.89 0.00
0.98 1.56 0.00
0.10 0.89 1.00
-1.03 0.06 1.00
0.13 1.04 1.00
-1.70 0.58 1.00
-1.31 -0.94 1.00
0.44 -1.71 0.00
-0.91 0.32 1.00
-0.03 1.85 1.00
1.72 0.16 0.00
1.65 0.68 0.00
1.24 1.05 0.00
-0.30 -0.87 1.00
0.20 0.82 0.00
1.62 0.42 0.00
-0.35 -0.68 1.00
0.77 0.50 0.00
-0.23 -1.80 1.00
1.52 0.78 0.00
1.71 -0.73 0.00
-1.22 -1.25 1.00
-0.54 -1.67 1.00
-1.08 -1.55 1.00
-0.31 0.90 1.00
-1.68 -0.65 1.00
-1.83 -0.31 1.00
0.45 -0.67 0.00
-0.07 0.91 1.00
1.07 0.29 0.00
0.27 0.84 0.00
-0.28 1.78 1.00
-0.31 -0.88 1.00
1.42 -1.02 0.00
-1.57 1.04 1.00
0.44 1.74 0.00
-1.37 1.15 1.00
-0.99 0.40 1.00
0.71 -1.56 0.00
-1.62 0.73 1.00
0.96 -1.51 0.00
0.29 0.79 0.00
0.86 0.21 0.00
-0.09 1.74 1.00
-1.96 -0.05 1.00
0.15 -1.58 0.00
-1.67 0.68 1.00
0.71 -0.30 0.00
1.74 0.11 0.00
-1.53 1.18 1.00
-0.84 -0.50 1.00
1.75 0.45 0.00
0.15 0.92 1.00
0.97 0.26 0.00
-0.04 0.74 1.00
0.88 -0.33 0.00
-1.77 0.13 1.00
-0.08 0.84 1.00
1.62 -0.80 0.00
-0.40 -0.84 1.00
1.55 -0.89 0.00
-0.41 1.78 1.00
-0.82 -0.32 1.00
0.45 -0.70 0.00
0.29 0.71 0.00
-0.98 0.36 1.00
0.77 -0.52 0.00
-1.50 0.71 1.00
1.76 0.35 0.00
-1.55 -0.90 1.00
0.91 0.31 0.00
0.68 -0.38 0.00
-0.15 1.82 1.00
-0.40 0.71 1.00
-1.61 -0.85 1.00
0.42 1.48 0.00
-0.83 -1.71 1.00
0.53 -0.70 0.00
1.18 -1.21 0.00
-1.52 0.98 1.00
-0.55 1.54 1.00
1.76 -0.51 0.00
1.92 -0.03 0.00
0.62 -1.70 0.00
1.41 1.11 0.00
1.53 -1.18 0.00
1.28 1.32 0.00
-1.70 -0.74 1.00
0.78 1.74 0.00
-1.61 0.85 1.00
-0.75 -0.52 1.00
-0.72 0.41 1.00
-1.38 -1.11 1.00
0.19 -0.75 0.00
-0.63 1.65 1.00
-0.83 0.15 1.00
1.39 1.01 0.00
-1.09 1.39 1.00
-1.55 1.09 1.00
-1.67 -0.45 1.00
1.69 0.35 0.00
0.31 0.90 0.00
1.20 1.29 0.00
-0.23 0.68 1.00
0.15 1.74 1.00
0.90 1.50 0.00
-1.37 -1.07 1.00
0.48 -1.70 0.00
-0.25 0.90 1.00
0.94 0.01 0.00
0.06 -1.79 1.00
1.89 0.08 0.00
0.89 -0.10 0.00
-0.79 -0.33 1.00
-1.30 -1.20 1.00
-0.46 -0.71 1.00
0.64 0.54 0.00
0.73 -1.54 0.00
-0.82 0.23 1.00
0.33 0.90 0.00
0.63 1.72 0.00
1.69 -0.38 0.00
1.07 -1.50 0.00
-0.33 -1.89 1.00
-1.40 -0.92 1.00
0.90 -0.20 0.00
-0.76 -0.23 1.00
-1.77 -0.52 1.00
1.04 1.36 0.00
1.62 -0.34 0.00
0.22 -0.85 0.00
0.57 -0.68 0.00
1.65 -0.81 0.00
0.32 -1.66 0.00
0.51 0.76 0.00
-0.91 -0.20 1.00
0.86 -0.15 0.00
-0.55 1.85 1.00
-0.87 -0.14 1.00
-0.20 0.87 1.00
1.66 0.67 0.00
-0.41 0.71 1.00
0.35 -0.77 0.00
1.44 0.73 0.00
-0.87 -0.35 1.00
-0.03 -0.86 1.00
-0.49 -1.70 1.00
-0.58 0.54 1.00
-1.22 1.23 1.00
0.54 -0.37 0.00
1.37 -1.18 0.00
-0.57 1.50 1.00
-0.18 0.79 1.00
-0.57 0.83 1.00
-0.30 -0.94 1.00
-0.38 1.63 1.00
0.68 -0.54 0.00
1.89 -0.42 0.00
-0.78 0.47 1.00
-1.64 -1.12 1.00
1.18 -1.06 0.00
0.37 0.92 0.00
-1.54 1.00 1.00
-0.64 -0.45 1.00
0.75 -1.54 0.00
0.13 -0.89 0.00
-0.20 0.89 1.00
-1.69 0.21 1.00
-0.69 -0.17 1.00
0.71 -0.64 0.00
1.05 -0.07 0.00
0.67 -0.38 0.00
0.93 -0.56 0.00
-0.54 0.70 1.00
-0.67 -1.74 1.00
-0.96 -0.20 1.00
0.05 1.70 1.00
-1.49 1.11 1.00
0.59 -0.74 0.00
0.35 -0.75 0.00
0.75 -0.39 0.00
0.43 -0.86 0.00
-0.29 0.80 1.00
-0.64 0.57 1.00
1.72 -0.95 0.00
-0.39 0.71 1.00
-0.33 -1.73 1.00
-0.87 0.00 1.00
-1.78 0.51 1.00
-0.46 -0.62 1.00
1.79 -0.15 0.00
1.61 0.71 0.00
-0.05 -1.81 1.00
-0.91 -0.06 1.00
-0.42 1.81 1.00
-0.05 0.90 1.00
-0.32 0.80 1.00
0.82 -0.19 0.00
-1.37 -1.11 1.00
0.87 -1.54 0.00
1.30 -1.18 0.00
-1.60 0.77 1.00
0.63 1.62 0.00
0.88 -1.54 0.00
-1.21 -1.43 1.00
1.75 0.62 0.00
-0.75 0.41 1.00
-0.96 0.15 1.00
-1.85 0.25 1.00
0.84 0.21 0.00
-1.35 -1.13 1.00
0.53 0.82 0.00
1.55 -0.88 0.00
-1.59 -0.67 1.00
-0.83 -0.47 1.00
0.18 0.87 0.00
-0.75 -0.38 1.00
1.69 0.92 0.00
-0.61 1.65 1.00
-1.55 0.71 1.00
0.72 0.53 0.00
-0.92 -0.41 1.00
0.98 -0.19 0.00
1.62 0.88 0.00
-0.20 0.89 1.00
-0.16 -1.82 1.00
-0.52 -1.67 1.00
-0.70 0.46 1.00
-0.51 0.45 1.00
-1.81 -0.07 1.00
0.64 0.53 0.00
-0.53 -0.41 1.00
1.54 0.50 0.00
-1.18 1.45 1.00
-0.35 0.97 1.00
0.73 -0.53 0.00
1.08 1.54 0.00
0.39 -0.77 0.00
-0.93 0.31 1.00
-1.50 -0.94 1.00
0.97 1.53 0.00
-0.13 1.98 1.00
-0.64 0.70 1.00
0.32 -0.92 0.00
-0.74 0.41 1.00
-0.72 0.54 1.00
0.09 -0.77 1.00
0.08 -1.73 1.00
0.31 -0.89 0.00
0.74 0.37 0.00
-0.32 -0.95 1.00
-0.88 -1.68 1.00
-1.51 0.08 1.00
0.45 -0.76 0.00
-0.31 -0.88 1.00
-0.45 -0.81 1.00
0.62 -0.60 0.00
-0.77 -1.50 1.00
0.81 0.52 0.00
0.40 -1.67 0.00
1.49 0.64 0.00
-0.09 -0.77 1.00
-0.27 -1.63 1.00
1.33 1.32 0.00
0.45 0.75 0.00
-0.80 -0.52 1.00
-0.26 -0.88 1.00
1.60 0.68 0.00
-0.53 0.64 1.00
1.40 1.08 0.00
-1.08 -1.39 1.00
0.19 -0.89 0.00
1.81 -0.15 0.00
0.24 -0.86 0.00
-0.77 1.51 1.00
1.45 -1.00 0.00
1.70 -0.38 0.00
0.39 -1.75 0.00
0.02 1.78 1.00
0.38 1.69 0.00
0.33 -0.73 0.00
-1.50 0.71 1.00
1.74 0.16 0.00
-0.33 -1.66 1.00
0.55 -0.63 0.00
-1.11 -1.49 1.00
0.03 -1.80 1.00
-0.85 -0.14 1.00
-1.75 -0.17 1.00
0.39 0.86 0.00
-0.63 -0.63 1.00
0.57 -0.42 0.00
0.75 0.58 0.00
-0.98 0.10 1.00
0.91 -0.53 0.00
1.30 -1.34 0.00
-0.16 -0.81 1.00
1.87 0.00 0.00
-0.39 0.81 1.00
-0.91 0.10 1.00
0.91 -1.59 0.00
0.21 0.94 0.00
-0.68 0.41 1.00
0.85 -0.22 0.00
-0.76 0.42 1.00
0.81 -1.56 0.00
-0.79 0.26 1.00
0.29 0.68 0.00
1.02 0.15 0.00
-1.76 -0.85 1.00
-0.69 -1.64 1.00
-0.23 0.76 1.00
-0.36 -0.94 1.00
-1.85 -0.35 1.00
-0.09 -0.83 1.00
-0.77 -0.08 1.00
-0.85 -0.25 1.00
0.76 0.39 0.00
0.88 0.34 0.00
0.74 -0.47 0.00
1.50 -0.88 0.00
1.34 -1.23 0.00
-0.89 -0.19 1.00
0.42 0.76 0.00
0.28 -0.71 0.00
1.01 -1.36 0.00
-0.91 1.44 1.00
1.79 -0.53 0.00
1.49 -1.14 0.00
0.78 0.63 0.00
-1.39 -0.88 1.00
0.62 0.91 0.00
-0.85 1.54 1.00
-1.74 -0.66 1.00
-0.72 -0.34 1.00
-0.98 1.62 1.00
-0.78 0.30 1.00
0.13 -0.90 0.00
-1.08 -1.55 1.00
0.37 -0.84 0.00
-1.57 -0.72 1.00
-0.75 -0.65 1.00
0.75 -0.33 0.00
-0.53 0.69 1.00
0.09 -0.78 1.00
-0.68 -0.45 1.00
-0.09 -1.07 1.00
-0.75 -0.23 1.00
-0.07 0.69 1.00
-0.54 -1.51 1.00
-0.58 0.67 1.00
-0.03 -1.78 1.00
1.08 -1.42 0.00
1.24 -1.33 0.00
-0.73 0.65 1.00
-0.14 1.04 1.00
0.86 -0.32 0.00
-1.76 -0.69 1.00
-0.03 1.72 1.00
-0.71 1.63 1.00
-0.01 -0.73 1.00
0.11 -0.92 1.00
0.80 -0.40 0.00
-0.88 0.25 1.00
0.43 0.83 0.00
1.53 0.80 0.00
0.36 -0.89 0.00
0.01 -0.92 1.00
1.17 -1.30 0.00
0.73 0.54 0.00
-0.08 0.79 1.00
0.80 0.04 0.00
0.24 -1.74 0.00
1.33 1.17 0.00
-1.37 -1.19 1.00
-0.76 -0.44 1.00
-0.80 0.29 1.00
1.61 0.64 0.00
-0.47 -0.67 1.00
-0.68 1.35 1.00
0.84 -0.28 0.00
-1.31 1.12 1.00
1.65 -0.85 0.00
1.55 -0.84 0.00
-1.16 1.26 1.00
0.04 0.78 1.00
-0.13 -1.75 1.00
-1.76 -0.28 1.00
-1.20 1.35 1.00
-0.74 0.29 1.00
-0.94 -1.35 1.00
1.03 -0.12 0.00
-0.97 -0.02 1.00
1.16 -1.34 0.00
-1.27 1.28 1.00
-0.71 0.67 1.00
0.54 0.73 0.00
-1.77 -0.21 1.00
-1.18 1.37 1.00
-1.74 -0.60 1.00
-0.11 -0.98 1.00
-1.66 0.42 1.00
-1.28 -1.15 1.00
-1.90 0.26 1.00
0.89 -0.17 0.00
0.78 0.82 0.00
-0.26 -1.81 1.00
-1.49 0.74 1.00
-0.96 -0.23 1.00
-0.09 1.77 1.00
0.98 0.11 0.00
-0.27 0.86 1.00
1.58 0.99 0.00
-0.94 -1.61 1.00
1.68 0.14 0.00
0.28 0.84 0.00
-0.77 -1.55 1.00
-0.75 -0.51 1.00
1.72 -0.56 0.00
0.16 -0.91 0.00
1.51 0.75 0.00
-0.58 0.70 1.00
0.64 -0.61 0.00
-1.62 -0.59 1.00
-0.31 -1.79 1.00
-0.20 1.81 1.00
-1.60 0.67 1.00
-1.05 -1.39 1.00
0.62 0.65 0.00
-0.28 -0.69 1.00
-0.55 -1.67 1.00
0.83 -0.37 0.00
-1.82 -0.60 1.00
0.73 -1.71 0.00
-0.56 0.62 1.00
0.50 -1.73 0.00
-0.16 -1.85 1.00
0.80 0.33 0.00
-1.22 -1.39 1.00
-0.65 -0.65 1.00
0.80 1.48 0.00
1.85 0.23 0.00
-0.90 0.34 1.00
0.49 -0.52 0.00
-1.21 -1.28 1.00
-0.01 -1.83 1.00
-0.47 0.59 1.00
0.85 0.51 0.00
-0.54 -0.70 1.00
1.25 1.30 0.00
1.47 0.87 0.00
-0.99 -0.03 1.00
-0.10 0.91 1.00
-1.76 -0.32 1.00
0.31 1.60 0.00
-0.59 0.67 1.00
0.31 -0.95 0.00
-1.78 0.42 1.00
-0.01 1.99 1.00
-0.86 -0.32 1.00
-1.85 0.16 1.00
1.16 1.58 0.00
1.33 -0.74 0.00
-0.87 1.45 1.00
-0.24 1.02 1.00
-1.61 0.77 1.00
-0.16 0.76 1.00
-1.85 -0.20 1.00
-1.91 0.38 1.00
-1.13 1.44 1.00
-1.69 0.26 1.00
-0.84 -0.30 1.00
-0.79 0.60 1.00
0.52 -0.66 0.00
1.67 -0.44 0.00
0.78 -0.61 0.00
1.83 0.15 0.00
1.52 0.73 0.00
0.69 -0.56 0.00
-0.63 -0.90 1.00
0.89 0.37 0.00
-1.77 0.17 1.00
0.86 0.30 0.00
0.96 -0.24 0.00
0.35 -0.83 0.00
1.67 -0.24 0.00
1.34 -1.20 0.00
1.25 1.27 0.00
-0.66 -0.74 1.00
0.04 -0.86 1.00
-0.07 1.80 1.00
0.15 1.82 1.00
0.15 -0.89 0.00
0.81 -0.40 0.00
1.65 -0.54 0.00
0.74 0.37 0.00
-0.36 -1.74 1.00
1.78 -0.16 0.00
1.42 1.09 0.00
-0.86 0.22 1.00
-1.64 -0.44 1.00
-1.29 1.47 1.00
0.39 -1.72 0.00
-1.57 -0.19 1.00
0.11 -0.83 1.00
0.82 1.65 0.00
-1.17 1.44 1.00
0.83 0.25 0.00
-0.49 -0.71 1.00
1.31 1.29 0.00
0.67 0.34 0.00
0.35 -0.63 0.00
-0.19 0.77 1.00
-0.95 -0.50 1.00
0.93 0.01 0.00
-1.35 1.19 1.00
-1.14 1.43 1.00
0.84 -0.23 0.00
1.59 -0.91 0.00
-0.39 -0.81 1.00
0.93 -0.16 0.00
-1.43 -0.61 1.00
0.15 0.84 1.00
-1.71 0.24 1.00
0.64 -1.60 0.00
-0.86 1.73 1.00
0.15 -0.88 0.00
1.74 -0.58 0.00
-0.27 -0.99 1.00
-0.20 0.94 1.00
-0.77 0.60 1.00
0.76 0.36 0.00
-1.69 -0.03 1.00
-1.11 -1.03 1.00
1.19 1.45 0.00
-0.66 -0.77 1.00
-0.32 -0.82 1.00
1.42 -0.84 0.00
-0.82 -0.35 1.00
-0.84 -1.65 1.00
1.25 -1.28 0.00
-0.86 0.11 1.00
-0.14 -0.92 1.00
0.45 0.68 0.00
0.13 1.02 1.00
-1.73 0.13 1.00
0.91 -0.03 0.00
-1.81 -0.22 1.00
-0.32 1.87 1.00
1.58 0.89 0.00
-0.58 -0.83 1.00
0.69 0.66 0.00
-1.20 1.31 1.00
-0.10 -0.86 1.00
0.89 0.13 0.00
-0.82 -0.20 1.00
-0.69 0.67 1.00
0.83 0.38 0.00
-0.39 -1.63 1.00
-1.29 -1.36 1.00
-0.83 -0.37 1.00
-0.28 -0.80 1.00
0.33 -0.66 0.00
-0.60 -0.85 1.00
0.08 1.87 1.00
0.87 0.09 0.00
1.81 -0.02 0.00
0.02 -0.98 1.00
-1.64 0.91 1.00
-0.40 1.85 1.00
-0.15 0.91 1.00
0.31 -0.68 0.00
-0.15 0.91 1.00
-0.46 0.91 1.00
-0.46 -1.77 1.00
-0.96 1.62 1.00
1.71 0.60 0.00
1.27 -1.19 0.00
-0.82 -0.21 1.00
-0.66 1.51 1.00
0.32 0.91 0.00
-0.23 0.86 1.00
-0.38 0.86 1.00
0.05 -0.84 1.00
-0.25 0.75 1.00
-0.99 1.43 1.00
1.22 1.31 0.00
1.68 0.29 0.00
0.75 -0.25 0.00
0.46 0.72 0.00
0.70 0.55 0.00
-0.63 0.60 1.00
0.43 0.72 0.00
0.87 -0.36 0.00
-0.07 -1.74 1.00
-0.50 0.59 1.00
-0.81 -0.33 1.00
-0.60 -1.76 1.00
0.97 -1.59 0.00
-1.01 -1.40 1.00
0.77 -0.44 0.00
-0.53 0.79 1.00
1.74 -0.24 0.00
0.88 0.15 0.00
0.84 -0.14 0.00
-0.95 0.14 1.00
-1.64 0.03 1.00
0.02 0.76 1.00
-0.54 1.54 1.00
-1.74 -0.60 1.00
-0.25 1.68 1.00
1.29 1.03 0.00
-0.11 1.85 1.00
-1.04 -1.43 1.00
0.77 0.30 0.00
0.63 1.92 0.00
0.72 0.19 0.00
-1.60 0.86 1.00
-0.54 -0.66 1.00
0.39 0.58 0.00
-1.40 -1.11 1.00
0.66 1.57 0.00
-0.45 -0.73 1.00
-0.64 -0.32 1.00
-0.67 -0.35 1.00
-0.73 0.64 1.00
-0.27 -0.96 1.00
1.82 -0.11 0.00
0.62 -1.85 0.00
0.55 0.69 0.00
-0.16 -0.91 1.00
1.37 1.14 0.00
0.52 1.92 0.00
-0.92 0.27 1.00
-0.89 -0.37 1.00
-0.64 -0.63 1.00
0.80 1.66 0.00
-0.83 0.32 1.00
0.94 0.09 0.00
-1.71 -0.27 1.00
0.62 1.52 0.00
-0.15 0.84 1.00
-1.61 -0.68 1.00
-0.51 0.45 1.00
0.01 0.88 1.00
-1.91 -0.42 1.00
0.97 0.13 0.00
0.72 -0.57 0.00
0.44 0.97 0.00
0.07 0.93 1.00
-1.61 0.30 1.00
1.20 1.41 0.00
0.88 -1.46 0.00
0.23 -1.70 0.00
1.80 0.55 0.00
-1.18 -1.39 1.00
0.59 1.66 0.00
0.55 -0.87 0.00
0.50 1.69 0.00
-0.10 -1.92 1.00
0.43 0.85 0.00
0.17 1.02 1.00
-0.71 -1.60 1.00
-0.76 0.30 1.00
-0.49 -0.84 1.00
-0.72 1.64 1.00
-0.50 0.83 1.00
-0.74 1.65 1.00
0.09 -0.84 1.00
-1.01 -0.06 1.00
-0.57 0.81 1.00
1.31 -1.37 0.00
0.47 -1.91 0.00
0.18 0.90 0.00
-0.90 -0.35 1.00
1.45 0.92 0.00
0.60 -0.76 0.00
0.09 1.70 1.00
-0.57 1.64 1.00
0.00 1.63 1.00
-0.66 -0.68 1.00
-0.21 0.85 1.00
-0.33 0.85 1.00
-0.58 -1.83 1.00
1.55 -1.10 0.00
0.16 0.75 1.00
-0.66 0.53 1.00
-0.86 0.40 1.00
0.80 0.22 0.00
-1.73 -0.05 1.00
-0.31 -0.81 1.00
0.54 -0.90 0.00
-1.73 0.62 1.00
0.57 0.71 0.00
-1.00 1.51 1.00
1.76 0.00 0.00
-0.99 1.63 1.00
0.92 0.10 0.00
1.66 0.65 0.00
0.89 -0.11 0.00
-0.14 -1.81 1.00
0.94 1.57 0.00
1.04 0.22 0.00
1.12 -1.21 0.00
-0.62 0.59 1.00
1.61 -0.67 0.00
1.25 1.20 0.00
-0.93 0.11 1.00
-1.08 -1.43 1.00
0.71 -0.15 0.00
0.06 0.85 1.00
1.43 -1.05 0.00
1.76 0.30 0.00
-0.69 1.60 1.00
1.84 0.80 0.00
0.34 1.55 0.00
-1.38 -0.93 1.00
1.80 -0.21 0.00
0.82 0.52 0.00
-0.28 -0.97 1.00
-0.87 0.21 1.00
0.67 0.55 0.00
-1.44 1.13 1.00
-0.57 0.74 1.00
0.09 1.86 1.00
1.70 -0.75 0.00
1.25 -1.33 0.00
0.20 -0.95 0.00
-1.36 1.25 1.00
0.88 -0.22 0.00
-0.23 -0.74 1.00
0.92 0.09 0.00
-0.06 -0.87 1.00
-0.55 -0.87 1.00
-0.09 0.85 1.00
1.33 -1.18 0.00
0.53 -0.67 0.00
0.98 0.36 0.00
-0.30 1.63 1.00
-1.83 0.54 1.00
-1.48 1.08 1.00
-0.34 1.73 1.00
0.80 -0.15 0.00
-1.37 1.14 1.00
-1.83 -0.11 1.00
0.30 1.68 0.00
-1.60 -0.65 1.00
-0.60 1.73 1.00
0.70 -1.60 0.00
1.87 0.41 0.00
-0.66 -1.50 1.00
-0.90 0.06 1.00
1.39 0.95 0.00
1.21 1.27 0.00
-0.78 -0.22 1.00
-1.71 -0.22 1.00
0.63 0.68 0.00
1.84 -0.06 0.00
-1.80 0.04 1.00
-0.93 1.38 1.00
-0.39 -0.66 1.00
-0.35 0.77 1.00
-1.44 1.07 1.00
0.09 -0.83 1.00
0.77 -0.57 0.00
-1.77 -0.62 1.00
0.82 -0.37 0.00
0.11 0.86 1.00
1.76 0.59 0.00
-0.34 1.78 1.00
-0.40 -1.68 1.00
0.39 -0.87 0.00
-1.08 -1.57 1.00
0.42 -1.67 0.00
1.25 1.15 0.00
-0.80 -1.56 1.00
-1.21 1.26 1.00
-0.58 -0.60 1.00
0.52 0.59 0.00
1.43 0.99 0.00
0.06 -1.67 1.00
0.17 1.81 1.00
-0.82 0.06 1.00
0.67 -0.71 0.00
-0.89 -1.55 1.00
1.01 1.38 0.00
-1.35 1.06 1.00
1.52 1.11 0.00
1.57 0.66 0.00
-0.93 0.11 1.00
0.92 0.18 0.00
0.80 0.16 0.00
-0.37 -0.67 1.00
-0.56 0.50 1.00
0.72 -0.64 0.00
-1.74 0.71 1.00
0.36 -1.79 0.00
1.00 -1.32 0.00
0.06 -1.70 1.00
0.44 0.79 0.00
0.63 -0.77 0.00
0.99 -0.44 0.00
-1.77 -0.57 1.00
1.15 -1.52 0.00
0.98 0.05 0.00
0.81 -0.34 0.00
-0.37 -0.92 1.00
-1.29 1.27 1.00
0.16 -0.90 0.00
0.57 0.33 0.00
0.89 -1.59 0.00
-0.67 -1.62 1.00
0.43 1.88 0.00
-1.71 0.49 1.00
0.66 -0.53 0.00
-1.07 -1.51 1.00
1.66 0.74 0.00
1.80 -0.15 0.00
0.87 1.55 0.00
0.99 0.10 0.00
-1.26 -1.19 1.00
-0.28 -0.85 1.00
0.24 0.88 0.00
0.16 -0.85 0.00
-0.03 0.71 1.00
-1.55 -0.87 1.00
0.06 1.84 1.00
0.03 -1.76 1.00
-0.54 -0.55 1.00
-1.61 -0.71 1.00
-1.61 0.72 1.00
1.05 -1.39 0.00
1.45 -1.14 0.00
-1.74 0.46 1.00
-1.29 -1.09 1.00
-0.33 0.69 1.00
1.90 0.32 0.00
0.24 0.91 0.00
-0.82 0.10 1.00
-0.84 0.15 1.00
0.78 -0.16 0.00
0.54 -0.83 0.00
-0.68 0.56 1.00
0.65 -0.73 0.00
-1.80 0.36 1.00
-1.32 -1.33 1.00
-1.61 0.96 1.00
0.81 0.16 0.00
0.05 -0.94 1.00
-1.49 -0.99 1.00
0.24 1.66 0.00
1.69 -0.79 0.00
0.85 -0.10 0.00
0.91 1.64 0.00
0.82 0.54 0.00
-0.32 -0.71 1.00
-0.74 -0.59 1.00
0.77 0.57 0.00
1.33 1.14 0.00
0.02 0.88 1.00
-0.66 -0.42 1.00
-1.79 0.53 1.00
-1.66 -0.33 1.00
-0.56 -0.65 1.00
-1.81 -0.22 1.00
-1.77 -0.14 1.00
0.40 0.95 0.00
-0.05 -0.95 1.00
1.06 1.56 0.00
-0.41 -0.93 1.00
-0.86 -0.07 1.00
-0.45 1.84 1.00
-0.17 -0.76 1.00
1.69 0.35 0.00
-0.56 -0.52 1.00
0.95 0.07 0.00
-1.90 -0.20 1.00
-0.97 1.44 1.00
-0.81 1.50 1.00
-0.93 0.21 1.00
1.62 0.57 0.00
0.42 -1.69 0.00
1.31 -1.01 0.00
-0.76 -1.53 1.00
0.55 -0.67 0.00
0.92 -0.14 0.00
-1.01 0.09 1.00
-0.64 0.77 1.00
-0.66 -0.60 1.00
1.09 1.49 0.00
-0.59 0.68 1.00
-1.71 -0.04 1.00
0.39 0.93 0.00
0.87 -1.55 0.00
-0.44 0.73 1.00
0.63 -1.65 0.00
-0.06 -0.77 1.00
-0.65 0.80 1.00
0.85 -1.55 0.00
0.81 0.44 0.00
0.30 0.75 0.00
1.50 -1.20 0.00
0.40 -1.81 0.00
-0.70 0.61 1.00
1.84 -0.36 0.00
0.23 1.70 0.00
1.68 -1.21 0.00
-0.82 1.58 1.00
1.57 -0.80 0.00
-0.75 0.02 1.00
-0.66 0.44 1.00
-0.55 -0.83 1.00
0.48 0.85 0.00
1.70 -0.57 0.00
0.86 -0.19 0.00
-1.62 0.91 1.00
0.79 1.62 0.00
0.15 -0.94 0.00
0.42 1.78 0.00
-0.31 -0.71 1.00
0.80 -1.71 0.00
0.60 1.77 0.00
0.82 1.55 0.00
-0.60 0.77 1.00
0.65 0.58 0.00
0.70 0.19 0.00
0.80 -1.84 0.00
0.96 -0.21 0.00
-0.44 -0.71 1.00
-1.64 -0.60 1.00
1.29 1.35 0.00
1.79 -0.16 0.00
-1.76 0.47 1.00
-0.64 -0.68 1.00
0.72 0.57 0.00
0.73 0.57 0.00
0.84 0.05 0.00
-0.13 1.00 1.00
0.02 -1.01 1.00
0.70 -0.74 0.00
0.73 -0.40 0.00
-0.75 0.34 1.00
1.21 -1.30 0.00
1.03 1.38 0.00
0.83 0.41 0.00
-0.29 0.87 1.00
0.66 -0.49 0.00
-1.32 -1.13 1.00
-0.78 0.53 1.00
0.36 -1.67 0.00
-0.74 0.39 1.00
-0.80 0.36 1.00
-0.89 -1.46 1.00
1.56 -0.67 0.00
-1.76 -0.03 1.00
-0.22 1.08 1.00
-0.87 -0.44 1.00
-1.57 -0.32 1.00
-1.57 -0.57 1.00
-0.70 -0.62 1.00
0.15 1.78 1.00
1.59 -0.85 0.00
0.65 0.41 0.00
-1.57 -0.92 1.00
0.91 -0.11 0.00
-0.18 -0.83 1.00
1.80 -0.29 0.00
-1.09 1.19 1.00
-0.83 0.19 1.00
-0.95 0.01 1.00
1.06 -1.36 0.00
1.68 -0.22 0.00
-1.16 -1.64 1.00
1.64 -0.99 0.00
1.77 0.01 0.00
-0.08 0.99 1.00
-0.85 -0.37 1.00
-0.81 -0.41 1.00
-1.76 0.74 1.00
1.04 1.58 0.00
-0.34 1.62 1.00
0.59 0.54 0.00
-0.89 1.77 1.00
0.97 -0.10 0.00
-0.64 -0.47 1.00
0.40 -0.95 0.00
-0.97 -0.22 1.00
-0.22 -0.77 1.00
-1.82 0.05 1.00
-0.90 1.55 1.00
1.70 -0.22 0.00
1.75 0.48 0.00
0.70 0.70 0.00
0.41 -0.73 0.00
1.52 -0.86 0.00
-0.96 -0.33 1.00
1.76 0.12 0.00
0.82 1.67 0.00
0.74 0.60 0.00
-1.69 0.37 1.00
-1.33 1.10 1.00
1.65 -0.67 0.00
-0.51 0.57 1.00
-0.14 -0.83 1.00
-1.77 0.08 1.00
-0.49 -0.79 1.00
-0.59 1.65 1.00
-1.69 0.52 1.00
-0.18 -0.82 1.00
0.56 -1.86 0.00
-1.38 -1.14 1.00
1.38 0.93 0.00
-0.15 0.77 1.00
-0.83 1.56 1.00
1.23 -1.40 0.00
0.98 1.43 0.00
0.79 -0.15 0.00
0.70 -0.67 0.00
0.25 -1.71 0.00
0.91 1.66 0.00
-0.51 0.89 1.00
-0.73 -0.51 1.00
0.50 0.63 0.00
1.77 -0.59 0.00
0.81 1.55 0.00
-0.46 0.54 1.00
-0.58 -0.61 1.00
1.76 0.13 0.00
-0.85 -1.62 1.00
0.57 0.73 0.00
-0.08 0.68 1.00
1.10 -1.48 0.00
0.07 0.58 1.00
-0.49 -0.62 1.00
-1.79 -0.45 1.00
0.85 -0.20 0.00
-1.92 0.35 1.00
0.58 1.69 0.00
-1.84 0.54 1.00
-1.60 1.05 1.00
0.19 -0.75 0.00
0.64 -1.70 0.00
-0.82 -0.55 1.00
-1.18 1.30 1.00
-0.22 -0.83 1.00
0.79 -0.28 0.00
-1.02 0.35 1.00
-1.81 -0.42 1.00
-1.25 -1.34 1.00
-0.73 -1.60 1.00
-0.32 -1.79 1.00
-0.39 0.78 1.00
0.10 0.84 1.00
-0.62 -0.30 1.00
-0.10 -1.93 1.00
0.21 -0.94 0.00
-0.63 -0.61 1.00
-0.97 -0.08 1.00
-0.05 0.93 1.00
0.39 1.64 0.00
-1.75 0.56 1.00
1.62 0.81 0.00
-0.83 0.13 1.00
0.64 -0.61 0.00
0.75 -0.46 0.00
-1.44 -1.18 1.00
0.49 0.78 0.00
-0.76 -0.46 1.00
0.20 -0.82 0.00
0.27 -0.87 0.00
-1.61 -0.84 1.00
0.83 0.11 0.00
0.43 0.60 0.00
0.55 -0.73 0.00
0.77 0.55 0.00
-0.61 0.68 1.00
0.49 -1.64 0.00
-0.03 0.89 1.00
-1.70 0.39 1.00
-0.62 -0.79 1.00
-0.52 0.55 1.00
-0.88 -0.13 1.00
-1.30 -1.16 1.00
-0.92 -0.16 1.00
0.64 -0.73 0.00
1.32 -1.22 0.00
0.12 -1.67 0.00
1.03 -1.45 0.00
0.57 -1.74 0.00
0.38 0.70 0.00
-1.33 -1.10 1.00
0.88 0.21 0.00
-1.42 1.06 1.00
-0.08 0.84 1.00
1.79 -0.32 0.00
1.68 -0.63 0.00
0.59 0.59 0.00
-0.25 1.00 1.00
-0.85 -0.29 1.00
-0.66 0.44 1.00
0.43 -1.03 0.00
-1.31 -1.05 1.00
0.32 -1.75 0.00
0.62 1.67 0.00
0.45 1.74 0.00
-0.88 0.07 1.00
0.98 -0.18 0.00
-0.90 0.14 1.00
0.49 0.60 0.00
-0.27 0.70 1.00
-0.44 -0.98 1.00
0.81 -1.61 0.00
0.64 -1.66 0.00
0.40 1.72 0.00
0.96 1.31 0.00
-0.61 0.50 1.00
0.79 -1.64 0.00
-0.41 -0.75 1.00
-1.75 0.58 1.00
-1.17 -1.45 1.00
-0.76 -1.57 1.00
0.52 -0.68 0.00
-0.24 -0.88 1.00
1.26 1.32 0.00
0.92 0.48 0.00
-1.37 -0.76 1.00
-0.94 0.17 1.00
1.79 0.56 0.00
0.54 0.75 0.00
-0.02 -0.97 1.00
-0.12 0.81 1.00
1.53 -0.41 0.00
0.87 -0.41 0.00
0.79 -0.45 0.00
0.85 0.12 0.00
0.40 0.79 0.00
-0.05 -1.69 1.00
0.59 -0.46 0.00
1.43 1.00 0.00
-0.70 -1.59 1.00
-0.91 -1.58 1.00
-1.85 0.52 1.00
-0.61 1.75 1.00
0.63 1.67 0.00
-0.71 0.34 1.00
-0.95 -0.24 1.00
0.94 0.43 0.00
-0.84 -1.53 1.00
0.20 -0.93 0.00
0.27 1.90 0.00
0.88 0.43 0.00
0.25 1.62 0.00
0.00 -0.95 1.00
0.43 -0.62 0.00
0.83 1.65 0.00
-0.02 1.71 1.00
0.81 1.55 0.00
0.48 -0.67 0.00
0.34 0.86 0.00
-0.22 1.72 1.00
-1.42 1.20 1.00
1.73 0.52 0.00
0.78 0.18 0.00
-0.74 1.72 1.00
1.03 -1.32 0.00
1.91 0.48 0.00
-1.03 0.22 1.00
0.73 -0.38 0.00
-0.71 0.42 1.00
0.45 0.94 0.00
-1.56 0.61 1.00
-0.74 0.16 1.00
-0.11 1.76 1.00
-1.67 -0.85 1.00
0.95 -0.10 0.00
0.62 0.79 0.00
1.66 -0.36 0.00
0.17 1.08 1.00
-1.42 1.18 1.00
1.48 1.00 0.00
0.67 0.35 0.00
-0.32 -1.76 1.00
-0.07 0.84 1.00
0.49 -0.79 0.00
0.48 -0.81 0.00
0.45 -0.81 0.00
0.74 0.61 0.00
1.30 -1.27 0.00
-0.52 -0.67 1.00
0.40 -0.94 0.00
0.84 -1.52 0.00
-0.85 -0.36 1.00
-0.27 1.72 1.00
-0.67 0.53 1.00
0.58 -0.72 0.00
0.52 -0.64 0.00
1.75 -0.44 0.00
1.50 -0.70 0.00
-0.56 0.59 1.00
0.71 -0.34 0.00
-0.62 1.75 1.00
-0.42 0.76 1.00
-0.22 0.88 1.00
1.64 1.04 0.00
1.71 0.34 0.00
-0.49 1.77 1.00
0.78 0.44 0.00
1.77 -0.21 0.00
-0.82 -0.19 1.00
1.05 1.48 0.00
0.27 1.66 0.00
0.83 -0.52 0.00
-0.39 1.77 1.00
-1.04 1.24 1.00
1.67 0.69 0.00
0.34 -1.67 0.00
0.14 -0.99 0.00
-0.65 -1.65 1.00
-1.36 1.26 1.00
-1.25 -1.31 1.00
0.78 1.46 0.00
1.00 -0.14 0.00
-0.47 -1.08 1.00
0.08 0.87 1.00
1.56 -1.07 0.00
-1.03 -0.09 1.00
0.38 0.72 0.00
-0.01 1.05 1.00
1.82 0.31 0.00
-0.88 0.11 1.00
0.70 1.81 0.00
0.20 0.90 0.00
-0.88 -0.30 1.00
1.57 -0.73 0.00
0.59 0.72 0.00
0.43 0.75 0.00
0.39 -1.67 0.00
-0.58 0.60 1.00
0.73 1.62 0.00
1.71 -0.06 0.00
-0.30 -0.79 1.00
-0.55 0.91 1.00
-1.70 0.73 1.00
0.04 1.94 1.00
-0.51 -0.72 1.00
-1.34 -0.96 1.00
0.72 -1.70 0.00
-0.58 0.57 1.00
-1.41 1.17 1.00
-0.12 -0.74 1.00
-0.61 -0.89 1.00
1.10 1.38 0.00
0.35 -0.74 0.00
1.07 -1.60 0.00
0.03 -0.98 1.00
-1.39 1.22 1.00
-1.11 -1.39 1.00
-1.50 -0.92 1.00
-0.61 -0.51 1.00
-0.86 -0.46 1.00
-1.16 1.27 1.00
0.72 0.32 0.00
-1.06 -0.17 1.00
-0.59 -0.48 1.00
1.75 0.39 0.00
-0.81 0.21 1.00
-1.61 0.98 1.00
0.84 0.18 0.00
1.92 0.22 0.00
0.56 0.85 0.00
-0.89 0.41 1.00
0.99 1.00 0.00
0.78 0.28 0.00
-0.79 0.45 1.00
0.87 -0.19 0.00
-0.75 0.32 1.00
-0.73 0.44 1.00
0.81 0.30 0.00
-0.07 -1.87 1.00
-0.37 1.77 1.00
-0.84 -0.42 1.00
1.71 -0.05 0.00
0.52 -1.66 0.00
0.82 1.30 0.00
1.77 -0.20 0.00
-0.04 0.98 1.00
1.27 1.56 0.00
-1.81 -0.13 1.00
0.85 1.66 0.00
1.87 0.30 0.00
0.69 -0.56 0.00
-0.20 -1.89 1.00
-1.83 0.13 1.00
-1.57 0.02 1.00
-0.08 1.67 1.00
0.15 0.85 1.00
-1.80 0.15 1.00
-0.28 0.91 1.00
-1.63 -0.14 1.00
0.71 0.45 0.00
-0.13 -1.04 1.00
-1.05 1.47 1.00
-0.56 -0.76 1.00
-0.85 0.08 1.00
0.21 1.71 0.00
-0.01 -1.13 1.00
-0.16 -1.90 1.00
-1.75 0.00 1.00
0.19 0.96 0.00
1.62 -0.65 0.00
0.75 0.41 0.00
-0.23 0.79 1.00
-0.42 -0.75 1.00
-1.00 -0.27 1.00
-0.71 -0.56 1.00
0.45 0.82 0.00
-0.12 0.85 1.00
-0.72 -0.16 1.00
0.75 -0.35 0.00
-0.91 0.42 1.00
-0.09 0.88 1.00
1.02 0.29 0.00
-1.71 0.62 1.00
-0.18 1.76 1.00
1.31 1.17 0.00
0.90 -1.51 0.00
0.24 0.77 0.00
0.76 -1.83 0.00
-1.78 -0.13 1.00
1.28 1.23 0.00
-0.85 -0.02 1.00
-1.67 -0.93 1.00
0.91 0.18 0.00
-0.96 -0.11 1.00
-1.34 1.15 1.00
1.56 0.71 0.00
0.25 -1.03 0.00
-0.92 1.48 1.00
0.39 0.93 0.00
0.94 -0.38 0.00
-0.89 0.45 1.00
-1.72 -0.35 1.00
-1.78 0.69 1.00
-1.19 1.42 1.00
0.86 0.00 0.00
-0.88 0.29 1.00
0.75 -0.58 0.00
0.92 1.58 0.00
0.70 0.40 0.00
1.62 0.40 0.00
-0.57 -0.40 1.00
0.35 0.81 0.00
-0.84 -1.73 1.00
1.46 -0.99 0.00
0.54 1.83 0.00
-0.85 1.37 1.00
1.70 -0.53 0.00
-0.28 -1.71 1.00
-0.13 -1.84 1.00
1.01 -1.56 0.00
1.73 -0.74 0.00
-0.28 -0.84 1.00
-0.06 -1.01 1.00
-1.55 -0.70 1.00
0.22 0.86 0.00
-0.89 -0.24 1.00
1.28 -1.20 0.00
0.86 0.36 0.00
0.90 -0.16 0.00
-0.68 -0.62 1.00
1.15 1.35 0.00
0.58 0.79 0.00
-1.27 -1.12 1.00
0.77 -0.39 0.00
0.91 -0.00 0.00
-0.25 0.82 1.00
0.99 1.49 0.00
0.68 0.32 0.00
1.53 1.12 0.00
0.55 0.56 0.00
-0.28 -1.77 1.00
0.48 0.57 0.00
0.08 1.90 1.00
1.33 1.08 0.00
-0.14 -1.74 1.00
1.60 -0.61 0.00
-1.57 0.87 1.00
0.64 -0.61 0.00
0.42 -1.58 0.00
-0.75 0.14 1.00
0.55 -1.67 0.00
-1.22 1.42 1.00
-0.43 0.78 1.00
0.40 -0.72 0.00
0.84 0.06 0.00
0.73 0.49 0.00
-0.62 -0.64 1.00
0.03 -1.69 1.00
1.63 -1.07 0.00
