0.36 -0.84 1.00
0.07 0.28 0.00
0.19 -0.29 1.00
-1.22 1.30 2.00
-1.34 -1.21 1.00
-1.21 -1.56 1.00
1.25 1.39 0.00
-1.30 -0.10 2.00
-0.36 -1.26 1.00
1.28 1.29 0.00
0.85 -1.12 1.00
-0.81 -1.03 1.00
1.17 -0.08 0.00
-1.20 -1.66 1.00
-0.76 1.67 2.00
-1.62 1.45 2.00
-1.52 0.63 2.00
-0.51 -0.12 1.00
-0.96 -0.52 1.00
-0.65 0.75 2.00
1.30 -0.28 0.00
1.11 -1.65 1.00
1.01 0.12 0.00
1.17 -0.92 0.00
-0.42 0.72 2.00
1.22 -0.04 0.00
1.22 0.20 0.00
1.72 1.43 0.00
-0.39 1.61 2.00
0.93 0.12 0.00
1.72 0.71 0.00
-1.05 -1.30 1.00
-0.81 0.85 2.00
0.19 -0.32 1.00
0.91 -1.61 1.00
1.10 0.89 0.00
-1.10 -0.35 1.00
-1.59 -1.65 1.00
1.74 -0.01 0.00
-0.43 -1.02 1.00
1.08 0.74 0.00
-1.72 0.97 2.00
-1.34 1.58 2.00
-0.57 -0.14 1.00
-1.71 1.15 2.00
-0.65 0.23 2.00
1.49 -1.15 0.00
1.29 0.03 0.00
1.49 1.15 0.00
-0.19 -1.39 1.00
-1.62 1.33 2.00
-0.08 0.60 2.00
1.34 -0.64 0.00
1.39 -1.60 1.00
-0.75 1.11 2.00
1.24 1.57 0.00
-0.67 1.00 2.00
1.70 0.13 0.00
-0.85 -1.56 1.00
0.91 -1.21 1.00
-0.38 -0.63 1.00
-0.28 1.44 2.00
-0.25 1.46 2.00
1.07 -0.70 0.00
-0.62 -0.42 1.00
0.38 0.63 0.00
1.65 1.51 0.00
0.40 -1.53 1.00
0.17 -0.30 1.00
0.17 -1.56 1.00
1.73 -1.50 1.00
-0.78 -1.44 1.00
0.18 -0.48 1.00
-0.42 1.03 2.00
1.42 -1.12 0.00
-0.76 -0.06 2.00
-1.33 -0.36 2.00
-0.68 1.49 2.00
-1.04 0.80 2.00
-0.98 0.47 2.00
0.30 -0.11 0.00
1.11 -0.92 1.00
-0.07 1.70 2.00
-1.09 0.19 2.00
-0.71 -1.27 1.00
1.23 0.30 0.00
0.29 0.19 0.00
-1.08 0.27 2.00
-1.41 0.66 2.00
-1.55 -1.04 1.00
-0.70 -0.73 1.00
1.10 -0.70 0.00
-1.47 -1.46 1.00
-1.21 -0.33 1.00
-1.04 -0.88 1.00
-1.09 -0.66 1.00
0.03 1.66 2.00
1.03 -1.10 1.00
1.06 0.76 0.00
1.42 -0.19 0.00
1.29 0.72 0.00
-0.78 -0.35 1.00
1.19 1.10 0.00
-0.87 1.19 2.00
1.56 1.34 0.00
-0.40 0.18 2.00
1.21 0.78 0.00
0.74 -0.71 1.00
0.40 -1.51 1.00
-0.69 -0.99 1.00
-0.38 0.86 2.00
-0.82 -1.08 1.00
1.20 1.47 0.00
-0.17 -0.85 1.00
-0.85 -0.26 1.00
1.06 0.25 0.00
0.28 1.68 0.00
-1.46 -0.05 2.00
-0.06 0.22 0.00
-1.14 -1.11 1.00
-0.28 0.40 2.00
-0.67 0.02 2.00
1.70 -1.59 1.00
-0.11 -0.06 1.00
0.68 -0.77 1.00
1.05 -0.31 0.00
-1.39 0.48 2.00
-1.63 0.78 2.00
-1.68 0.37 2.00
1.30 0.72 0.00
0.44 -0.20 0.00
-0.56 -0.41 1.00
-0.42 0.14 2.00
-1.23 1.35 2.00
0.45 -0.40 1.00
1.69 1.32 0.00
0.38 -0.41 1.00
-0.44 -1.46 1.00
-0.54 -0.85 1.00
0.39 0.79 0.00
-0.71 0.19 2.00
1.01 0.52 0.00
0.86 -0.94 1.00
0.48 -0.75 1.00
-0.92 -0.76 1.00
-0.45 -0.07 1.00
-0.93 -0.49 1.00
1.39 -1.23 1.00
-0.98 -1.48 1.00
0.74 0.13 0.00
-0.08 -1.58 1.00
1.61 1.22 0.00
1.13 1.33 0.00
0.97 -1.21 1.00
1.65 1.53 0.00
0.69 -0.69 1.00
-1.72 -0.02 2.00
0.34 1.74 0.00
-1.26 -1.39 1.00
-0.24 0.90 2.00
-0.54 0.59 2.00
1.36 1.05 0.00
-1.37 -0.15 2.00
-1.59 -1.11 1.00
0.95 -1.09 1.00
0.22 0.43 0.00
-1.18 1.47 2.00
-1.52 1.48 2.00
-1.33 1.42 2.00
-0.45 1.03 2.00
-0.36 0.84 2.00
1.24 0.12 0.00
-0.33 -0.33 1.00
-1.53 -1.64 1.00
0.86 -0.26 0.00
-1.20 1.32 2.00
0.49 -0.05 0.00
-0.48 -0.50 1.00
-0.43 1.37 2.00
-0.41 -1.63 1.00
-1.22 -0.50 1.00
-1.15 1.15 2.00
1.74 -0.54 0.00
-0.04 -1.53 1.00
-1.05 -0.90 1.00
-0.38 1.16 2.00
-0.34 0.87 2.00
0.11 0.60 0.00
-1.04 -1.56 1.00
-0.87 -1.34 1.00
0.72 0.27 0.00
1.03 -0.30 0.00
-0.82 1.28 2.00
0.24 -0.06 0.00
1.37 -0.49 0.00
-0.30 -0.80 1.00
-1.26 0.28 2.00
1.48 0.55 0.00
0.58 1.27 0.00
0.71 -0.40 0.00
1.07 -1.27 1.00
1.30 0.06 0.00
0.17 1.49 0.00
0.65 -1.42 1.00
-0.85 0.76 2.00
-1.40 -0.79 1.00
-0.81 0.75 2.00
-1.55 -0.50 1.00
-0.24 -1.44 1.00
-0.13 0.14 2.00
1.65 1.32 0.00
1.51 -0.76 0.00
-1.20 0.51 2.00
-1.03 0.33 2.00
-1.05 -1.47 1.00
-0.17 0.50 2.00
-1.40 0.20 2.00
-0.21 -0.81 1.00
-1.13 -0.88 1.00
1.39 -1.58 1.00
-1.21 0.10 2.00
0.65 -0.28 0.00
-0.89 -0.75 1.00
0.53 0.77 0.00
1.65 0.74 0.00
-0.26 -0.85 1.00
0.13 0.82 0.00
-1.32 -1.49 1.00
-0.95 -0.25 1.00
0.59 -1.66 1.00
0.15 -0.69 1.00
-0.56 -0.20 1.00
-0.13 -0.31 1.00
-1.42 -1.14 1.00
-0.01 -0.36 1.00
1.74 0.96 0.00
0.30 0.20 0.00
-1.55 0.64 2.00
0.24 0.09 0.00
0.94 1.01 0.00
-0.97 -1.06 1.00
0.57 -0.55 1.00
-0.15 -1.54 1.00
-0.26 1.56 2.00
0.66 1.14 0.00
0.45 0.33 0.00
1.65 -0.00 0.00
1.02 -0.89 1.00
-1.37 -1.07 1.00
-0.54 -0.10 1.00
1.36 0.35 0.00
0.51 -0.36 0.00
0.60 -0.30 0.00
0.39 0.16 0.00
-0.66 -1.41 1.00
-1.30 0.29 2.00
-1.47 -0.13 2.00
1.40 0.32 0.00
1.67 -0.70 0.00
0.53 1.53 0.00
-0.51 0.15 2.00
1.22 -0.55 0.00
-1.69 1.73 2.00
-0.31 -1.32 1.00
0.83 -0.57 0.00
-1.14 -1.28 1.00
0.70 1.74 0.00
-0.36 0.94 2.00
0.55 -0.24 0.00
-1.56 -0.28 2.00
-1.62 1.60 2.00
-0.30 0.31 2.00
1.54 0.30 0.00
-1.13 1.59 2.00
-1.07 -1.25 1.00
-0.47 -0.19 1.00
1.67 0.22 0.00
1.07 0.96 0.00
-0.33 -1.44 1.00
-1.31 1.74 2.00
1.26 -0.50 0.00
1.17 1.41 0.00
1.48 1.33 0.00
-1.08 1.05 2.00
-1.53 1.09 2.00
0.28 0.84 0.00
0.18 0.37 0.00
-1.60 -1.59 1.00
1.10 -0.69 0.00
1.08 0.74 0.00
0.24 -1.33 1.00
-1.50 -0.37 2.00
1.49 -0.91 0.00
-0.26 0.52 2.00
0.00 -1.61 1.00
0.69 1.48 0.00
0.36 0.31 0.00
1.18 1.18 0.00
-1.08 -0.24 2.00
1.12 0.84 0.00
1.21 -1.25 1.00
-0.20 0.75 2.00
0.81 -1.45 1.00
0.75 0.47 0.00
-0.51 -0.64 1.00
-1.62 -0.34 2.00
-0.66 -0.20 1.00
0.74 -1.19 1.00
-0.06 1.04 2.00
-0.86 1.29 2.00
1.52 -1.30 1.00
-1.32 0.53 2.00
0.07 1.43 2.00
1.06 0.04 0.00
-1.49 -1.35 1.00
-0.17 -0.64 1.00
1.55 0.61 0.00
-0.79 -0.46 1.00
-1.44 -0.83 1.00
-0.62 0.52 2.00
-1.13 0.65 2.00
-1.32 1.39 2.00
0.45 0.30 0.00
-1.07 0.87 2.00
-0.91 1.06 2.00
0.98 1.55 0.00
0.99 -0.43 0.00
0.05 0.47 0.00
-0.80 1.07 2.00
-0.58 -1.24 1.00
-1.52 0.59 2.00
-0.81 1.25 2.00
0.96 -1.30 1.00
0.20 1.65 0.00
1.16 1.32 0.00
-0.81 0.81 2.00
-0.54 1.17 2.00
-1.37 0.67 2.00
0.52 -0.79 1.00
0.47 1.45 0.00
0.41 -1.06 1.00
-0.66 -0.48 1.00
-0.64 0.67 2.00
1.58 0.05 0.00
1.02 1.57 0.00
-0.42 -1.53 1.00
0.89 0.84 0.00
-0.67 -0.76 1.00
0.72 -1.15 1.00
1.21 1.28 0.00
0.24 -0.94 1.00
1.57 -0.88 0.00
-0.65 -0.17 1.00
0.08 -0.12 1.00
-1.72 1.28 2.00
-1.64 1.35 2.00
1.13 1.54 0.00
-0.63 -1.07 1.00
-1.54 0.68 2.00
-1.18 -1.11 1.00
-0.92 -0.73 1.00
-0.98 0.40 2.00
0.05 0.55 0.00
0.51 1.26 0.00
-1.60 0.23 2.00
-0.38 1.03 2.00
-0.93 0.41 2.00
-0.79 -0.88 1.00
-0.59 -1.47 1.00
0.87 1.35 0.00
-1.67 0.56 2.00
0.23 1.43 0.00
0.66 -0.25 0.00
0.28 -1.25 1.00
-1.16 -0.92 1.00
-0.05 -0.77 1.00
-1.38 0.10 2.00
0.70 -1.36 1.00
0.81 -1.61 1.00
0.70 1.60 0.00
-0.14 -1.47 1.00
-0.74 -1.18 1.00
0.02 -1.07 1.00
1.74 -0.24 0.00
-0.38 -1.47 1.00
0.35 -1.26 1.00
-0.82 -0.66 1.00
-1.38 1.17 2.00
-1.34 -0.03 2.00
-0.72 -0.88 1.00
-0.95 0.62 2.00
1.03 -0.28 0.00
-0.62 0.83 2.00
-0.79 1.31 2.00
-0.70 -1.52 1.00
-0.09 -0.66 1.00
-0.11 -0.69 1.00
1.70 1.67 0.00
0.42 1.44 0.00
-0.64 1.03 2.00
0.93 -0.47 0.00
0.78 -1.37 1.00
-0.92 -0.97 1.00
0.45 -1.00 1.00
-0.74 -0.75 1.00
1.55 1.58 0.00
1.16 -0.13 0.00
-0.02 -0.40 1.00
-0.12 -1.21 1.00
-0.78 -1.05 1.00
1.34 0.69 0.00
-1.26 -0.21 2.00
-0.59 -1.64 1.00
0.84 -0.17 0.00
-0.47 -1.06 1.00
-0.03 -0.76 1.00
0.04 -0.83 1.00
-0.71 -0.23 1.00
0.40 1.22 0.00
-0.76 -0.56 1.00
0.51 1.74 0.00
-0.92 -0.93 1.00
1.12 1.06 0.00
-0.58 -1.64 1.00
-0.23 0.18 2.00
0.92 0.59 0.00
0.61 1.08 0.00
0.97 -0.06 0.00
-1.36 1.12 2.00
0.37 -1.58 1.00
1.01 -0.34 0.00
-0.63 0.09 2.00
0.61 1.50 0.00
-1.63 -0.64 1.00
-1.58 1.22 2.00
0.72 -0.76 1.00
0.95 0.49 0.00
0.57 0.90 0.00
-1.17 0.38 2.00
0.07 -0.52 1.00
0.81 -0.19 0.00
-0.09 -0.97 1.00
0.84 -1.66 1.00
0.00 0.16 0.00
-0.80 -1.11 1.00
-0.52 -1.33 1.00
0.78 0.31 0.00
-1.58 1.60 2.00
0.96 1.67 0.00
0.51 1.56 0.00
1.07 -0.63 0.00
0.89 -1.27 1.00
0.03 1.45 2.00
0.10 1.58 2.00
-0.40 0.12 2.00
0.25 1.62 0.00
0.73 0.36 0.00
-1.50 -0.92 1.00
-1.30 0.07 2.00
1.72 1.20 0.00
-0.03 0.08 0.00
-1.58 1.19 2.00
-0.40 -1.60 1.00
1.49 -0.17 0.00
0.62 0.17 0.00
1.02 1.63 0.00
0.43 -1.29 1.00
0.32 -1.58 1.00
-0.53 -1.44 1.00
-0.73 1.41 2.00
-0.99 1.01 2.00
-0.35 -0.42 1.00
1.21 -0.27 0.00
1.69 -1.01 0.00
1.33 -0.76 0.00
0.20 -1.28 1.00
-1.56 -0.41 2.00
-1.10 -0.01 2.00
-0.88 -1.56 1.00
0.77 -0.54 0.00
-1.13 1.58 2.00
-0.03 0.25 0.00
1.62 -1.29 0.00
-1.09 0.76 2.00
0.22 -0.26 1.00
-1.34 0.32 2.00
-0.19 0.62 2.00
-0.68 -0.30 1.00
-0.66 -1.00 1.00
0.04 1.17 2.00
-1.61 -0.02 2.00
0.89 0.50 0.00
1.72 -1.50 1.00
-1.16 -0.59 1.00
-1.70 0.10 2.00
0.50 -0.25 0.00
-0.28 1.34 2.00
0.40 -0.78 1.00
-0.61 -1.00 1.00
-0.81 0.62 2.00
0.49 -0.79 1.00
0.15 1.28 0.00
-0.79 -1.61 1.00
-0.77 1.56 2.00
-1.65 -1.27 1.00
-1.12 0.75 2.00
1.68 0.34 0.00
-1.42 -0.11 2.00
1.00 -1.08 1.00
-0.70 0.61 2.00
-0.62 0.82 2.00
1.04 1.18 0.00
0.19 -0.39 1.00
0.42 -1.05 1.00
-1.01 1.13 2.00
1.11 -0.29 0.00
-0.10 -0.21 1.00
-0.15 -0.91 1.00
-0.97 1.18 2.00
0.59 1.68 0.00
-1.17 1.50 2.00
0.93 0.13 0.00
0.54 1.20 0.00
0.11 0.54 0.00
1.67 0.79 0.00
-1.45 0.78 2.00
1.66 -0.34 0.00
-1.57 0.82 2.00
-0.65 1.48 2.00
-1.09 -0.39 1.00
-1.64 -0.18 2.00
-1.07 0.37 2.00
0.87 -0.73 1.00
-1.26 -1.28 1.00
-0.84 1.17 2.00
-0.22 -1.03 1.00
-0.74 -0.49 1.00
-1.02 0.17 2.00
0.25 1.00 0.00
0.69 -0.84 1.00
-1.18 1.43 2.00
1.14 -1.67 1.00
-1.64 -0.01 2.00
1.19 1.50 0.00
-1.05 1.10 2.00
-0.28 0.56 2.00
-0.63 -1.26 1.00
0.73 -0.63 1.00
-1.62 1.65 2.00
-0.24 -1.35 1.00
1.10 1.24 0.00
-0.68 0.66 2.00
-1.31 -0.36 2.00
-0.96 -0.85 1.00
1.63 -1.57 1.00
0.19 0.50 0.00
-0.57 -0.85 1.00
1.04 -1.10 1.00
0.53 1.76 0.00
1.19 -0.23 0.00
0.64 0.34 0.00
0.54 -0.62 1.00
0.03 -1.43 1.00
-0.92 -0.31 1.00
-1.18 -1.14 1.00
-1.11 0.21 2.00
-0.15 0.45 2.00
1.68 0.40 0.00
-0.94 -0.78 1.00
-1.04 0.99 2.00
0.00 -1.30 1.00
1.31 -0.33 0.00
0.39 1.67 0.00
0.30 0.06 0.00
1.43 1.40 0.00
-0.14 0.66 2.00
0.63 -0.67 1.00
-1.16 0.27 2.00
-1.60 1.15 2.00
0.92 0.75 0.00
1.50 1.62 0.00
-0.10 0.64 2.00
1.66 1.25 0.00
0.55 -0.18 0.00
0.85 -1.49 1.00
-1.64 0.91 2.00
-1.28 1.11 2.00
-0.35 1.59 2.00
-1.50 0.04 2.00
-0.79 -1.34 1.00
0.15 -1.67 1.00
-0.99 -0.13 2.00
-0.52 1.29 2.00
-0.73 -0.58 1.00
1.44 -1.10 0.00
0.44 -0.33 0.00
-1.50 1.06 2.00
1.74 -0.23 0.00
0.35 1.20 0.00
1.00 0.05 0.00
-0.74 -0.82 1.00
1.29 -1.43 1.00
0.33 -0.00 0.00
-0.02 1.09 2.00
-1.20 1.72 2.00
-0.63 1.16 2.00
-1.15 0.93 2.00
0.62 1.05 0.00
1.75 0.67 0.00
0.07 0.72 0.00
0.91 -0.10 0.00
-0.93 -0.94 1.00
-1.65 0.93 2.00
-0.51 0.93 2.00
-1.27 0.63 2.00
-1.58 0.36 2.00
-1.64 0.71 2.00
1.03 -0.27 0.00
-0.49 -0.89 1.00
1.24 -0.08 0.00
0.90 0.45 0.00
-1.22 -1.11 1.00
-0.81 1.27 2.00
-0.60 1.38 2.00
0.46 0.75 0.00
-0.75 -1.53 1.00
-0.15 0.52 2.00
-0.56 1.60 2.00
0.49 1.74 0.00
1.06 0.07 0.00
-1.15 0.55 2.00
-1.20 -0.29 2.00
-0.01 0.01 0.00
-0.86 -1.61 1.00
0.20 -0.13 0.00
-1.50 0.09 2.00
-1.33 1.73 2.00
0.85 -0.44 0.00
1.19 -1.34 1.00
1.32 0.58 0.00
-1.44 -0.18 2.00
0.35 0.46 0.00
0.84 0.58 0.00
0.51 1.14 0.00
-1.65 1.62 2.00
-0.23 -0.71 1.00
-0.02 1.55 2.00
1.47 1.13 0.00
-0.95 -0.71 1.00
1.16 0.56 0.00
-0.87 1.31 2.00
1.42 0.50 0.00
1.70 0.21 0.00
1.26 -0.65 0.00
1.58 -0.44 0.00
-1.38 -1.16 1.00
0.48 0.92 0.00
-1.54 -0.07 2.00
1.00 0.13 0.00
-0.27 -1.08 1.00
-1.33 -0.54 1.00
-0.74 -0.42 1.00
-1.46 -0.91 1.00
0.07 1.73 2.00
-0.28 -0.27 1.00
-0.74 0.23 2.00
1.26 0.62 0.00
1.74 1.57 0.00
1.20 -1.55 1.00
0.90 0.43 0.00
0.87 1.68 0.00
-0.96 -0.45 1.00
0.19 -0.53 1.00
1.28 0.18 0.00
-1.71 1.45 2.00
0.09 0.68 0.00
0.04 0.43 0.00
1.68 -0.17 0.00
0.70 1.27 0.00
-1.36 0.31 2.00
-0.13 1.73 2.00
1.53 -1.05 0.00
-1.39 -0.13 2.00
-1.66 0.02 2.00
0.84 1.36 0.00
1.62 1.47 0.00
1.45 -0.54 0.00
-0.38 1.12 2.00
-0.10 -1.17 1.00
-0.15 -0.42 1.00
-1.43 -0.48 1.00
1.61 1.51 0.00
1.64 0.28 0.00
-1.36 -0.91 1.00
-1.08 -1.04 1.00
1.36 -0.99 0.00
-0.41 -1.37 1.00
-1.60 1.58 2.00
0.92 -0.19 0.00
-1.14 1.69 2.00
-0.22 0.19 2.00
-1.46 -0.73 1.00
-0.81 -1.21 1.00
1.38 -1.02 0.00
-1.62 1.71 2.00
1.54 0.80 0.00
1.20 -1.15 1.00
-1.45 1.29 2.00
-0.48 -0.58 1.00
0.67 0.92 0.00
0.41 -1.36 1.00
-0.46 -1.65 1.00
-1.39 0.82 2.00
-0.78 -1.14 1.00
1.68 1.14 0.00
0.64 -0.57 1.00
-1.14 1.12 2.00
1.49 1.29 0.00
-0.85 -1.39 1.00
0.03 0.98 2.00
1.69 1.47 0.00
-1.61 -1.62 1.00
0.47 -1.25 1.00
0.38 -1.66 1.00
0.85 -0.36 0.00
0.91 0.70 0.00
-0.07 0.06 0.00
-1.41 0.55 2.00
0.50 1.12 0.00
-1.55 -1.05 1.00
0.58 0.21 0.00
-0.28 -1.60 1.00
1.17 -0.69 0.00
-0.46 -0.12 1.00
0.17 -0.86 1.00
0.01 1.50 2.00
-1.02 0.21 2.00
1.66 -0.04 0.00
1.42 -1.56 1.00
0.09 -1.68 1.00
-0.78 1.47 2.00
-0.28 -0.09 1.00
-0.32 0.86 2.00
-0.34 0.07 2.00
-1.50 0.77 2.00
0.13 1.67 2.00
1.30 -0.50 0.00
-0.43 0.59 2.00
-0.13 0.22 2.00
1.65 -1.38 1.00
0.34 0.65 0.00
-0.96 0.33 2.00
0.97 -0.71 0.00
1.67 -1.24 0.00
-0.08 0.82 2.00
-0.20 0.08 2.00
-0.08 -1.51 1.00
-0.61 -1.41 1.00
0.92 -0.04 0.00
-0.31 0.93 2.00
0.56 -0.27 0.00
-1.26 -0.03 2.00
-1.06 -0.25 2.00
1.33 -0.74 0.00
-0.22 -1.59 1.00
1.38 -1.42 1.00
0.48 1.66 0.00
1.45 -1.59 1.00
-0.79 -1.32 1.00
-0.32 -0.13 1.00
-1.14 0.98 2.00
-0.51 -0.32 1.00
-0.69 -0.70 1.00
-0.27 -0.28 1.00
0.06 0.75 0.00
-1.34 -1.37 1.00
-1.19 -1.36 1.00
-1.16 -1.59 1.00
1.15 1.07 0.00
-1.64 -0.57 1.00
0.45 -1.16 1.00
-1.13 -1.46 1.00
-1.18 0.54 2.00
0.46 -0.77 1.00
-0.83 -0.26 1.00
-0.06 1.48 2.00
0.63 -0.59 1.00
0.93 -0.16 0.00
0.32 0.57 0.00
-0.60 0.04 2.00
-1.37 1.23 2.00
1.58 1.42 0.00
-1.57 1.25 2.00
1.20 -1.24 1.00
0.78 -1.51 1.00
1.10 1.08 0.00
1.64 -0.20 0.00
0.00 -0.20 1.00
0.05 1.12 2.00
1.29 -1.64 1.00
0.60 0.46 0.00
0.40 0.90 0.00
0.82 -1.32 1.00
0.74 1.17 0.00
-1.68 -0.59 1.00
-1.03 -1.63 1.00
1.29 0.16 0.00
0.84 -0.94 1.00
-1.29 -1.16 1.00
1.21 -0.80 0.00
0.42 -0.47 1.00
-0.20 1.26 2.00
0.83 -0.53 0.00
1.39 -0.60 0.00
0.88 1.03 0.00
-0.47 0.12 2.00
-0.13 0.46 2.00
0.81 1.46 0.00
0.30 1.42 0.00
1.72 0.19 0.00
-0.85 0.53 2.00
0.81 0.55 0.00
-1.53 -1.04 1.00
-0.90 -0.85 1.00
1.54 0.61 0.00
-0.92 -1.12 1.00
-1.56 -0.72 1.00
-0.56 -0.72 1.00
0.78 0.26 0.00
-1.37 0.55 2.00
-0.65 0.87 2.00
-0.03 -1.21 1.00
-1.09 0.21 2.00
-0.74 -0.37 1.00
1.00 0.23 0.00
1.32 0.68 0.00
-1.19 -1.35 1.00
0.51 0.16 0.00
0.83 0.22 0.00
1.71 1.70 0.00
-0.78 1.04 2.00
0.94 1.21 0.00
-0.26 1.51 2.00
-0.42 0.77 2.00
0.37 -0.44 1.00
-0.93 0.67 2.00
1.41 -0.32 0.00
-1.39 -0.72 1.00
-0.33 -0.29 1.00
0.49 -1.30 1.00
-1.33 -1.09 1.00
-1.15 -1.09 1.00
-1.71 -0.75 1.00
0.24 1.73 0.00
-0.30 1.23 2.00
-1.00 1.55 2.00
-1.67 -1.60 1.00
-0.47 1.33 2.00
0.24 -1.57 1.00
1.19 -1.13 1.00
-0.42 -1.40 1.00
1.51 -1.67 1.00
1.33 -1.11 1.00
-1.02 -0.93 1.00
-1.23 -1.20 1.00
1.30 -0.25 0.00
-0.47 -0.85 1.00
1.42 0.33 0.00
-0.53 -1.01 1.00
1.45 -0.99 0.00
-1.50 0.48 2.00
-0.76 -1.08 1.00
0.38 -0.12 0.00
-1.18 0.29 2.00
0.59 0.70 0.00
-0.85 0.10 2.00
-0.55 1.51 2.00
-0.05 0.28 0.00
0.12 1.75 2.00
1.39 1.72 0.00
-0.89 -0.03 2.00
-0.15 0.73 2.00
0.79 -0.25 0.00
0.10 -0.09 0.00
0.93 0.01 0.00
0.63 1.15 0.00
0.63 -0.44 0.00
-0.06 -0.08 1.00
1.61 -0.19 0.00
1.45 1.45 0.00
0.87 -1.00 1.00
-0.25 0.53 2.00
-0.83 -1.14 1.00
-0.05 0.38 0.00
0.52 0.42 0.00
-0.71 -0.49 1.00
-0.39 -0.99 1.00
-1.01 -0.11 2.00
-1.28 -1.31 1.00
0.03 -1.53 1.00
-0.33 0.89 2.00
1.66 0.03 0.00
-0.83 0.48 2.00
-1.22 1.52 2.00
0.90 -1.17 1.00
-1.39 1.51 2.00
1.60 -0.83 0.00
-1.13 0.69 2.00
1.73 -0.80 0.00
-0.47 -0.45 1.00
-0.11 -0.79 1.00
0.22 1.18 0.00
-0.33 -0.73 1.00
1.52 0.20 0.00
-0.92 -0.49 1.00
0.02 -1.39 1.00
-1.61 0.76 2.00
0.85 -0.07 0.00
1.28 0.34 0.00
0.91 1.54 0.00
1.02 -0.62 0.00
-1.31 -1.56 1.00
-0.37 -1.67 1.00
0.84 -0.13 0.00
0.82 0.03 0.00
-1.67 1.32 2.00
1.47 0.38 0.00
0.70 -1.48 1.00
0.69 -1.40 1.00
-0.61 -0.66 1.00
1.20 -0.10 0.00
-1.51 -0.86 1.00
-0.18 1.58 2.00
-0.89 0.98 2.00
-1.12 0.52 2.00
-0.94 0.97 2.00
0.16 1.39 0.00
-1.35 -1.04 1.00
0.94 -0.53 0.00
-1.48 0.73 2.00
-1.25 -1.28 1.00
0.02 -0.27 1.00
-1.12 0.62 2.00
-0.28 0.67 2.00
-0.40 1.16 2.00
0.27 1.11 0.00
0.45 -0.44 1.00
-0.38 1.10 2.00
-1.62 -1.10 1.00
0.46 0.87 0.00
1.24 0.97 0.00
1.68 1.48 0.00
-0.26 1.03 2.00
-0.70 1.51 2.00
1.74 0.84 0.00
-0.56 1.63 2.00
-1.58 -0.28 2.00
0.05 0.08 0.00
-0.94 -0.30 1.00
0.75 0.99 0.00
0.77 -1.64 1.00
0.62 -0.86 1.00
0.52 -0.38 0.00
0.27 -0.92 1.00
0.63 1.42 0.00
-0.56 -1.47 1.00
1.54 0.20 0.00
1.16 1.57 0.00
1.31 0.10 0.00
1.67 -0.18 0.00
-0.86 1.31 2.00
1.34 -1.49 1.00
0.83 -0.54 0.00
1.26 -0.85 0.00
0.29 -1.24 1.00
1.34 -1.22 1.00
0.53 -0.91 1.00
0.90 -1.06 1.00
0.91 0.05 0.00
0.74 0.10 0.00
0.21 0.39 0.00
-0.93 0.29 2.00
-0.81 -0.66 1.00
0.01 -0.91 1.00
0.43 -0.66 1.00
-1.08 1.41 2.00
-0.21 1.56 2.00
-0.28 -1.66 1.00
-1.03 1.19 2.00
-0.47 1.23 2.00
-0.38 -0.67 1.00
1.06 -1.44 1.00
1.32 -0.24 0.00
-0.58 -0.93 1.00
0.34 1.58 0.00
-0.50 -0.90 1.00
-0.86 -1.38 1.00
-0.90 0.53 2.00
0.75 -0.25 0.00
1.55 -1.12 0.00
0.76 -0.29 0.00
-0.89 -1.02 1.00
-1.14 1.68 2.00
-0.37 0.41 2.00
-0.22 1.11 2.00
0.91 -1.53 1.00
0.50 1.65 0.00
1.23 -0.67 0.00
0.40 -0.14 0.00
0.31 0.25 0.00
0.82 -0.59 0.00
-0.22 0.31 2.00
-1.70 -0.76 1.00
-0.04 -1.07 1.00
0.77 -1.33 1.00
0.79 1.15 0.00
0.66 1.47 0.00
0.75 -0.93 1.00
1.13 -0.85 0.00
1.16 0.34 0.00
0.06 0.31 0.00
-0.36 -0.76 1.00
-0.13 -1.22 1.00
0.43 0.19 0.00
0.61 0.51 0.00
1.48 0.09 0.00
-1.68 1.35 2.00
-1.30 0.82 2.00
-1.04 -1.27 1.00
1.59 -1.57 1.00
-1.62 -0.15 2.00
0.31 -1.08 1.00
0.79 1.55 0.00
0.01 -1.27 1.00
1.21 1.56 0.00
1.17 0.26 0.00
1.19 -0.39 0.00
0.01 -1.41 1.00
-0.60 1.47 2.00
1.24 0.36 0.00
1.42 -0.22 0.00
1.53 1.57 0.00
0.25 -1.52 1.00
1.35 1.45 0.00
1.55 -0.06 0.00
-0.71 -1.39 1.00
1.33 0.80 0.00
1.06 0.96 0.00
1.11 -1.31 1.00
-0.55 1.12 2.00
0.83 0.95 0.00
0.91 -1.46 1.00
1.14 -1.40 1.00
1.13 -0.60 0.00
-0.99 -1.02 1.00
-1.46 0.03 2.00
1.00 0.55 0.00
1.72 0.97 0.00
0.81 -0.27 0.00
-1.31 -0.38 1.00
1.26 -0.53 0.00
-1.30 0.14 2.00
0.39 -1.29 1.00
0.94 0.06 0.00
0.31 -1.56 1.00
-0.98 -0.17 2.00
-1.36 0.83 2.00
-0.97 -0.45 1.00
-1.61 -0.82 1.00
1.22 0.15 0.00
0.82 -0.98 1.00
-1.04 0.32 2.00
-1.06 -1.01 1.00
-1.38 0.93 2.00
-1.42 1.38 2.00
1.30 -1.14 1.00
1.64 -0.52 0.00
1.36 -1.44 1.00
-1.23 -0.17 2.00
-1.56 -0.76 1.00
0.36 -1.24 1.00
-1.29 -0.31 2.00
-1.37 0.56 2.00
1.02 -0.06 0.00
-1.50 0.42 2.00
-0.89 -0.38 1.00
-1.06 0.52 2.00
1.12 1.27 0.00
0.96 0.19 0.00
0.21 -0.99 1.00
-1.67 0.24 2.00
0.70 -0.33 0.00
0.51 -0.57 1.00
-0.50 -0.38 1.00
1.22 -0.99 1.00
1.64 -0.79 0.00
-0.02 -0.81 1.00
-0.07 -0.31 1.00
-0.42 -0.66 1.00
-1.65 1.10 2.00
-0.16 -0.80 1.00
-1.07 -1.15 1.00
1.57 0.37 0.00
-0.81 -0.79 1.00
1.73 0.53 0.00
-1.16 1.06 2.00
-0.21 0.62 2.00
0.32 -1.20 1.00
-1.30 0.91 2.00
-0.89 0.77 2.00
-1.65 1.68 2.00
0.01 -0.21 1.00
1.04 -0.28 0.00
0.66 -1.61 1.00
1.46 0.20 0.00
0.81 1.56 0.00
-0.26 -1.33 1.00
-1.61 -0.06 2.00
0.27 -0.48 1.00
-0.03 -1.26 1.00
-1.16 1.43 2.00
-1.11 0.16 2.00
-0.59 1.58 2.00
-1.39 -0.90 1.00
-0.69 -0.45 1.00
-1.39 -1.16 1.00
1.28 -0.03 0.00
-1.17 1.47 2.00
0.79 -0.82 1.00
1.32 0.86 0.00
1.73 -1.42 1.00
0.43 -0.79 1.00
-1.20 -0.69 1.00
0.80 0.48 0.00
-0.64 -1.33 1.00
-1.30 0.41 2.00
-0.07 -0.41 1.00
-1.39 0.01 2.00
-0.81 1.32 2.00
0.69 -0.25 0.00
1.47 0.24 0.00
1.16 0.36 0.00
1.55 -1.39 1.00
0.98 -1.55 1.00
-1.35 1.10 2.00
0.80 0.36 0.00
1.46 -0.33 0.00
-1.71 -1.45 1.00
0.79 -0.80 1.00
0.31 -0.18 0.00
-0.92 0.87 2.00
-1.62 0.68 2.00
0.88 -1.41 1.00
-0.75 1.50 2.00
-0.11 0.32 2.00
0.96 1.26 0.00
-1.37 0.15 2.00
-1.01 0.70 2.00
1.56 -1.53 1.00
0.52 0.52 0.00
-0.28 0.47 2.00
-0.37 1.72 2.00
-0.06 1.16 2.00
1.50 0.87 0.00
0.62 0.74 0.00
-1.28 -0.75 1.00
-0.14 -0.23 1.00
-1.16 -0.58 1.00
0.76 -1.51 1.00
0.47 -0.43 1.00
1.52 -0.69 0.00
1.64 1.25 0.00
-0.99 1.40 2.00
-0.65 -0.17 1.00
-0.22 -1.13 1.00
0.05 -1.51 1.00
1.64 -0.24 0.00
1.17 -0.63 0.00
-0.73 0.39 2.00
0.96 -0.56 0.00
0.83 -1.33 1.00
-1.47 -1.38 1.00
-0.74 0.11 2.00
-0.68 -0.66 1.00
0.02 -1.55 1.00
1.16 0.27 0.00
-1.32 1.68 2.00
-0.72 -0.89 1.00
1.29 0.89 0.00
-0.01 1.34 2.00
-0.12 -1.60 1.00
0.78 -0.78 1.00
-0.60 1.52 2.00
0.44 0.94 0.00
0.13 0.35 0.00
0.94 1.57 0.00
0.74 -1.60 1.00
-0.48 0.98 2.00
-1.61 1.35 2.00
0.61 -0.87 1.00
-0.21 -1.59 1.00
-1.48 0.21 2.00
-0.94 -1.08 1.00
1.56 0.56 0.00
-1.57 -0.67 1.00
-1.09 1.62 2.00
-0.66 0.41 2.00
0.08 1.44 2.00
-1.71 -0.57 1.00
-1.12 1.01 2.00
-0.37 1.20 2.00
0.11 1.59 2.00
-0.19 -0.48 1.00
0.83 -1.06 1.00
0.50 -1.49 1.00
0.80 0.98 0.00
-1.27 1.36 2.00
-1.41 0.88 2.00
1.45 0.53 0.00
0.25 0.79 0.00
-0.96 -0.65 1.00
1.17 -1.38 1.00
0.32 1.36 0.00
-1.44 -1.11 1.00
-1.37 -1.33 1.00
1.06 0.47 0.00
-0.95 -0.21 2.00
0.28 0.72 0.00
-0.48 -0.45 1.00
-0.36 -1.13 1.00
-1.58 0.45 2.00
-0.13 -0.72 1.00
-0.17 -1.37 1.00
-0.38 0.44 2.00
1.51 0.03 0.00
-0.87 -0.16 2.00
-0.98 1.44 2.00
1.51 -1.51 1.00
0.87 -0.18 0.00
1.14 0.34 0.00
-0.64 -1.61 1.00
1.33 0.36 0.00
-0.69 -1.30 1.00
0.20 0.73 0.00
0.43 -1.64 1.00
1.37 -0.19 0.00
-1.47 0.76 2.00
-0.08 -0.36 1.00
0.19 -0.57 1.00
-0.90 1.44 2.00
1.07 -0.54 0.00
-0.72 0.92 2.00
0.96 -1.67 1.00
1.23 -0.15 0.00
-1.39 0.45 2.00
-0.61 1.52 2.00
1.07 -1.11 1.00
0.96 -0.82 1.00
-0.73 1.70 2.00
-1.33 0.88 2.00
0.86 -0.97 1.00
1.34 -1.39 1.00
0.77 -1.69 1.00
0.74 0.44 0.00
-0.41 0.55 2.00
0.59 0.42 0.00
-1.02 -0.63 1.00
1.31 1.19 0.00
-0.56 1.72 2.00
1.56 0.77 0.00
-1.01 -0.89 1.00
-0.07 -1.44 1.00
1.39 -0.28 0.00
-0.48 -0.13 1.00
1.48 1.45 0.00
-0.83 0.20 2.00
-0.22 -1.54 1.00
0.10 0.96 0.00
0.96 0.84 0.00
-1.02 -1.44 1.00
-1.14 -1.66 1.00
0.90 -0.99 1.00
-0.21 -1.37 1.00
0.15 -0.28 1.00
-0.78 1.59 2.00
-0.65 0.62 2.00
1.62 0.72 0.00
0.66 1.01 0.00
0.53 -0.28 0.00
-0.91 1.61 2.00
0.52 -1.67 1.00
-0.42 -1.55 1.00
1.25 -0.93 0.00
0.15 -1.00 1.00
0.49 0.56 0.00
0.93 0.12 0.00
1.17 0.94 0.00
0.07 1.25 2.00
-1.30 -1.21 1.00
1.71 -1.24 0.00
0.47 0.51 0.00
-0.38 -0.19 1.00
0.07 -0.05 0.00
0.47 -1.47 1.00
-0.93 0.26 2.00
0.23 -0.86 1.00
-1.40 -0.97 1.00
0.11 -0.37 1.00
-0.70 -1.53 1.00
-1.54 1.11 2.00
0.18 1.53 0.00
-0.87 -1.21 1.00
-1.62 0.36 2.00
0.34 -0.95 1.00
-0.31 -1.28 1.00
-1.21 0.49 2.00
-0.63 -0.65 1.00
0.36 -0.84 1.00
-1.67 -0.64 1.00
1.31 1.33 0.00
1.47 -1.03 0.00
0.60 0.01 0.00
-0.81 0.53 2.00
0.39 -1.19 1.00
0.92 1.45 0.00
-0.65 -1.35 1.00
-0.46 1.24 2.00
-0.12 0.94 2.00
0.31 1.68 0.00
0.21 1.01 0.00
-0.39 -0.14 1.00
-0.79 -0.82 1.00
0.20 0.62 0.00
-1.60 -1.56 1.00
-1.63 0.15 2.00
0.30 0.20 0.00
-0.04 0.24 0.00
-0.68 1.46 2.00
1.23 0.04 0.00
0.40 0.41 0.00
-0.89 -1.14 1.00
1.37 -0.34 0.00
1.43 0.70 0.00
0.82 -1.06 1.00
1.36 1.05 0.00
-1.52 1.41 2.00
0.17 0.71 0.00
1.15 -0.90 0.00
-0.53 1.09 2.00
-0.44 0.56 2.00
1.12 0.98 0.00
0.38 1.50 0.00
-0.69 -0.21 1.00
0.96 0.94 0.00
0.57 -1.26 1.00
0.28 1.64 0.00
-0.81 -1.46 1.00
-1.67 0.39 2.00
-1.54 1.50 2.00
1.35 1.42 0.00
0.53 -1.59 1.00
0.23 -1.43 1.00
-1.44 -1.50 1.00
-1.30 0.13 2.00
0.24 0.99 0.00
1.00 -0.66 0.00
-0.18 0.06 2.00
-1.71 1.34 2.00
0.00 0.31 0.00
-0.92 0.99 2.00
-0.47 0.67 2.00
0.07 1.22 2.00
0.12 1.22 0.00
-0.58 -0.48 1.00
0.74 0.69 0.00
-1.34 -0.63 1.00
-1.28 -0.89 1.00
-0.43 1.69 2.00
-0.44 -0.15 1.00
-1.46 -0.41 2.00
-0.67 -0.43 1.00
-1.31 0.58 2.00
-1.46 0.71 2.00
-0.91 0.71 2.00
-0.17 1.62 2.00
-0.37 1.13 2.00
1.54 -1.56 1.00
0.36 -0.80 1.00
-0.91 0.07 2.00
1.54 -1.48 1.00
1.61 1.09 0.00
1.40 -1.52 1.00
-0.68 -1.27 1.00
-0.33 -1.09 1.00
-1.49 0.54 2.00
0.13 1.35 0.00
-1.18 -0.49 1.00
0.30 -1.41 1.00
1.37 1.64 0.00
0.14 1.17 0.00
-0.02 -1.36 1.00
-0.33 0.12 2.00
0.82 -1.23 1.00
-0.20 0.71 2.00
0.47 -1.40 1.00
-0.56 -1.53 1.00
-1.21 -0.97 1.00
-0.28 0.04 2.00
1.13 0.99 0.00
0.01 -0.63 1.00
-1.26 1.36 2.00
-0.14 0.44 2.00
0.69 0.88 0.00
1.14 0.00 0.00
-0.22 0.91 2.00
-0.47 -1.51 1.00
1.11 0.56 0.00
-0.13 1.69 2.00
0.62 -1.23 1.00
-0.51 0.15 2.00
1.03 1.25 0.00
0.33 -1.43 1.00
-0.42 -0.53 1.00
1.33 -1.16 1.00
-0.81 -1.53 1.00
-0.11 -1.14 1.00
1.67 -0.20 0.00
1.42 -0.99 0.00
0.26 0.87 0.00
1.04 0.60 0.00
1.75 0.78 0.00
0.40 1.33 0.00
0.77 -1.24 1.00
0.95 -1.17 1.00
-1.21 -0.69 1.00
0.87 0.32 0.00
-0.52 1.07 2.00
-1.40 -0.67 1.00
1.22 -0.44 0.00
-0.59 0.15 2.00
1.43 1.63 0.00
-1.45 1.58 2.00
1.61 -0.49 0.00
-1.66 -0.48 2.00
0.95 -1.27 1.00
-0.88 -1.28 1.00
-1.61 1.20 2.00
0.35 1.33 0.00
-1.30 0.66 2.00
0.27 1.20 0.00
-0.06 -0.70 1.00
0.04 -0.05 1.00
0.66 1.57 0.00
-0.45 0.28 2.00
-0.49 0.23 2.00
1.45 -0.56 0.00
1.51 0.96 0.00
0.80 1.09 0.00
0.16 -0.98 1.00
1.71 -0.72 0.00
-0.74 0.13 2.00
-0.30 -1.39 1.00
-0.13 -0.52 1.00
1.45 1.39 0.00
0.38 0.77 0.00
0.32 -0.90 1.00
0.90 -0.76 1.00
-0.45 1.22 2.00
-0.46 -1.53 1.00
-1.64 0.83 2.00
-1.57 1.75 2.00
1.72 -0.24 0.00
-0.87 1.10 2.00
0.81 1.55 0.00
-0.97 1.58 2.00
0.35 0.22 0.00
0.44 -0.76 1.00
-0.44 1.36 2.00
0.56 1.29 0.00
-0.73 -1.44 1.00
-1.26 -0.80 1.00
-0.01 -1.03 1.00
0.63 0.99 0.00
0.75 0.82 0.00
0.26 0.88 0.00
1.35 0.51 0.00
1.55 0.24 0.00
0.59 -0.05 0.00
0.19 0.91 0.00
1.74 -1.53 1.00
0.17 -0.28 1.00
1.50 -1.16 0.00
1.14 -1.24 1.00
0.96 1.39 0.00
0.87 1.59 0.00
0.36 -0.72 1.00
1.29 0.90 0.00
1.19 0.13 0.00
1.20 -1.30 1.00
1.47 -0.91 0.00
