-0.48 1.03 2.00
-0.77 0.85 2.00
-1.48 -1.91 0.00
-0.15 -0.14 2.00
0.41 0.54 2.00
1.19 0.76 1.00
-1.25 -1.14 0.00
-1.62 -0.81 0.00
-0.82 -1.36 0.00
1.30 1.17 1.00
1.52 0.58 1.00
1.13 0.59 1.00
-1.00 -1.09 0.00
1.25 0.82 1.00
-1.05 -0.94 0.00
0.93 -0.65 1.00
1.32 0.92 1.00
1.14 0.50 1.00
-1.07 -1.19 0.00
-0.68 -0.96 0.00
-1.15 -1.44 0.00
1.25 0.61 1.00
-1.09 -1.01 0.00
0.27 0.47 2.00
-0.91 -1.73 0.00
-0.38 0.70 2.00
1.35 0.48 1.00
0.13 0.27 2.00
1.20 0.52 1.00
-1.05 -1.68 0.00
-0.54 -0.26 2.00
-1.19 -1.58 0.00
-0.56 0.03 2.00
1.40 0.83 1.00
1.24 0.66 1.00
1.29 0.79 1.00
1.18 0.46 1.00
-0.22 0.66 2.00
1.17 0.70 1.00
-1.10 -0.87 0.00
-1.48 -1.09 0.00
-0.91 -1.04 0.00
-0.58 -0.44 0.00
-0.71 0.22 2.00
1.27 0.94 1.00
-0.90 -1.33 0.00
1.11 0.78 1.00
-1.39 -1.48 0.00
-0.50 -0.34 2.00
-0.05 -1.20 0.00
0.50 -0.08 2.00
-0.06 1.01 2.00
-0.97 -1.01 0.00
-1.29 -1.42 0.00
-0.27 1.99 2.00
1.18 0.65 1.00
-0.99 -1.28 0.00
-0.44 1.59 2.00
0.08 -0.28 2.00
-0.96 -0.11 2.00
0.18 0.11 2.00
-1.32 -1.21 0.00
0.91 2.01 1.00
1.37 0.71 1.00
0.46 0.81 2.00
-0.10 0.63 2.00
-1.09 -1.32 0.00
1.29 0.85 1.00
-0.64 0.07 2.00
0.56 1.29 1.00
-0.18 0.14 2.00
-0.71 0.25 2.00
-0.24 0.77 2.00
1.26 0.54 1.00
-0.97 -1.18 0.00
0.60 1.06 1.00
0.37 1.17 2.00
1.09 0.98 1.00
1.30 0.82 1.00
-0.09 0.63 2.00
-1.05 -1.27 0.00
-1.17 -0.64 0.00
-0.20 -0.62 0.00
1.15 0.81 1.00
-1.03 -0.94 0.00
1.19 0.65 1.00
1.34 0.76 1.00
-1.19 -1.38 0.00
-1.16 -0.60 0.00
-1.19 -0.92 0.00
1.33 0.32 1.00
-1.15 1.46 2.00
1.23 0.70 1.00
1.26 0.96 1.00
-0.77 0.62 2.00
-1.06 0.93 2.00
1.31 0.70 1.00
0.46 1.02 2.00
0.13 0.22 2.00
-1.29 -0.71 0.00
1.22 0.76 1.00
-0.64 -1.33 0.00
-1.32 -1.23 0.00
0.08 0.97 2.00
-1.26 -1.71 0.00
1.09 0.63 1.00
0.46 2.48 1.00
1.20 0.62 1.00
-1.07 -1.55 0.00
-0.27 -0.20 2.00
1.10 0.74 1.00
-1.42 -1.40 0.00
-1.09 -1.42 0.00
-1.15 -1.65 0.00
1.19 1.02 1.00
0.78 -0.31 1.00
1.19 0.70 1.00
-0.11 2.12 2.00
0.10 0.67 2.00
-1.30 -0.75 0.00
1.20 0.71 1.00
-0.46 2.07 2.00
1.25 0.91 1.00
-0.80 -1.27 0.00
0.11 -0.43 2.00
1.30 0.77 1.00
-0.27 2.19 2.00
0.03 -0.37 2.00
1.36 0.63 1.00
-1.41 -1.05 0.00
-1.22 -1.65 0.00
1.24 0.39 1.00
-1.00 -2.17 0.00
1.17 0.85 1.00
0.59 0.76 1.00
-0.19 1.18 2.00
-0.97 -0.93 0.00
1.27 0.67 1.00
1.14 0.81 1.00
-0.64 0.46 2.00
-0.30 1.50 2.00
0.01 1.57 2.00
-0.57 -0.00 2.00
1.22 1.00 1.00
0.23 -0.29 2.00
-1.00 -0.79 0.00
1.27 0.46 1.00
0.08 0.82 2.00
-1.19 -1.60 0.00
1.15 0.63 1.00
0.06 -0.93 0.00
0.35 -0.28 2.00
1.28 0.57 1.00
-1.12 -1.13 0.00
1.38 0.63 1.00
1.30 0.63 1.00
-1.03 -1.11 0.00
1.30 0.58 1.00
-0.96 -1.31 0.00
1.37 0.60 1.00
1.29 0.67 1.00
1.18 0.48 1.00
1.16 0.51 1.00
1.19 0.74 1.00
-1.47 -0.77 0.00
-0.99 -1.26 0.00
0.64 1.29 1.00
-1.15 -2.00 0.00
-1.00 -1.01 0.00
-0.54 0.96 2.00
-1.28 -0.66 0.00
-0.73 -0.75 0.00
0.24 -0.24 2.00
1.26 0.84 1.00
0.33 0.44 2.00
1.21 0.67 1.00
-0.98 -1.17 0.00
0.12 0.93 2.00
-0.39 0.12 2.00
-0.37 0.64 2.00
-1.86 -0.01 0.00
-1.17 -1.45 0.00
1.16 0.77 1.00
0.28 -0.03 2.00
-0.90 0.84 2.00
-0.84 0.63 2.00
-0.85 -1.43 0.00
-1.00 1.32 2.00
0.75 1.06 1.00
0.64 -0.12 1.00
1.28 0.62 1.00
0.09 0.74 2.00
-0.92 -1.11 0.00
0.52 1.68 1.00
1.23 0.60 1.00
-0.95 -1.39 0.00
1.17 0.48 1.00
-0.23 0.94 2.00
-1.39 -1.42 0.00
1.17 0.68 1.00
-0.89 -0.79 0.00
1.21 0.55 1.00
-1.48 0.68 2.00
-0.96 -1.44 0.00
-0.87 -1.14 0.00
1.14 0.95 1.00
-0.60 0.96 2.00
-1.01 -1.24 0.00
-1.48 -1.40 0.00
0.26 1.13 2.00
1.35 0.72 1.00
1.15 0.81 1.00
-0.72 -0.01 2.00
-1.16 -1.16 0.00
1.25 0.91 1.00
-0.44 1.10 2.00
-0.35 1.80 2.00
-0.72 0.70 2.00
-0.83 -1.01 0.00
-0.56 -0.94 0.00
1.19 0.79 1.00
1.21 0.60 1.00
-1.07 -1.72 0.00
1.24 0.70 1.00
1.15 0.81 1.00
0.70 0.46 1.00
1.21 0.69 1.00
-1.04 -1.03 0.00
1.20 0.79 1.00
1.20 0.25 1.00
-0.61 -0.39 0.00
0.11 1.74 2.00
1.02 0.58 1.00
-0.19 -0.05 2.00
0.56 0.55 1.00
0.08 -0.53 2.00
-1.13 -1.61 0.00
-0.92 -1.36 0.00
1.24 0.72 1.00
-0.36 1.40 2.00
1.25 0.83 1.00
0.36 0.88 2.00
0.17 -0.22 2.00
-1.23 -1.45 0.00
-1.13 -1.37 0.00
1.38 0.95 1.00
1.20 0.69 1.00
-1.30 -1.39 0.00
-0.01 1.75 2.00
1.19 0.72 1.00
-1.26 -1.60 0.00
-1.36 -1.80 0.00
-0.99 -1.00 0.00
-1.13 -1.50 0.00
-1.04 -1.62 0.00
-1.23 -1.91 0.00
-0.87 -1.49 0.00
-0.03 0.42 2.00
1.11 0.48 1.00
-0.54 0.18 2.00
-0.89 -1.24 0.00
0.17 0.34 2.00
-0.89 -1.72 0.00
1.26 0.91 1.00
-0.84 -1.34 0.00
1.16 0.65 1.00
-1.09 -1.80 0.00
-0.64 -1.31 0.00
0.48 0.96 1.00
0.16 -0.43 2.00
-1.17 -1.33 0.00
1.16 0.83 1.00
-1.28 -1.67 0.00
1.26 0.68 1.00
1.36 0.82 1.00
-0.58 -0.01 2.00
0.00 0.40 2.00
-1.35 -1.14 0.00
-0.75 -1.29 0.00
-0.92 0.03 2.00
-1.41 -1.57 0.00
-1.10 -1.37 0.00
-0.79 -1.19 0.00
0.13 2.11 2.00
-0.15 0.77 2.00
1.05 0.66 1.00
-0.46 -0.08 2.00
0.26 0.67 2.00
-0.89 -1.54 0.00
-0.82 -1.13 0.00
-0.11 -1.60 0.00
-0.91 -1.27 0.00
1.39 0.87 1.00
-0.20 1.50 2.00
-0.04 0.25 2.00
-1.25 -1.17 0.00
-0.85 -1.00 0.00
-0.62 0.58 2.00
1.22 0.81 1.00
-0.88 -0.71 0.00
1.09 0.90 1.00
-0.10 0.76 2.00
1.17 0.72 1.00
-0.74 1.31 2.00
-0.41 0.71 2.00
-1.04 -0.94 0.00
-0.78 -1.42 0.00
1.34 0.87 1.00
-1.37 -1.42 0.00
1.22 0.50 1.00
0.63 -0.56 1.00
1.45 0.33 1.00
-0.87 -1.52 0.00
-0.24 1.53 2.00
1.18 0.63 1.00
1.19 0.65 1.00
-1.08 -0.92 0.00
1.23 0.56 1.00
1.23 0.58 1.00
1.21 0.60 1.00
-1.16 -1.24 0.00
0.28 1.41 2.00
1.32 0.54 1.00
-0.90 -1.75 0.00
1.08 0.63 1.00
1.14 0.96 1.00
-0.83 -1.59 0.00
1.14 0.39 1.00
-1.24 -1.02 0.00
-0.93 -1.24 0.00
1.08 0.84 1.00
0.49 0.64 1.00
-1.19 -1.07 0.00
1.14 0.56 1.00
-1.12 -1.07 0.00
1.30 0.73 1.00
-0.19 -0.13 2.00
0.08 0.09 2.00
1.07 0.21 1.00
1.07 0.62 1.00
-0.17 -0.19 2.00
-1.05 -1.56 0.00
-1.10 -1.15 0.00
1.40 0.63 1.00
-1.21 -0.82 0.00
-0.97 -1.52 0.00
-0.74 -1.11 0.00
-0.90 -1.43 0.00
-0.85 -1.09 0.00
-0.25 1.49 2.00
0.87 -0.05 1.00
0.16 -1.22 0.00
0.49 -0.62 2.00
1.13 0.54 1.00
-0.15 0.74 2.00
-1.38 -1.47 0.00
1.21 0.61 1.00
1.35 0.62 1.00
-1.09 -0.82 0.00
-0.12 1.11 2.00
-0.02 1.01 2.00
-1.12 -1.13 0.00
-1.13 -1.32 0.00
-0.81 -1.77 0.00
-0.66 0.30 2.00
0.11 1.35 2.00
1.12 0.81 1.00
-0.96 -0.65 0.00
1.26 0.70 1.00
-1.14 -1.23 0.00
-1.53 -1.65 0.00
-1.11 -1.17 0.00
1.19 0.58 1.00
1.14 0.72 1.00
0.19 0.97 2.00
1.09 0.87 1.00
0.50 1.14 1.00
1.16 0.94 1.00
1.26 0.48 1.00
-1.45 -1.09 0.00
1.14 0.85 1.00
-0.99 -1.63 0.00
1.23 0.64 1.00
1.23 0.67 1.00
1.33 0.94 1.00
1.11 0.57 1.00
-0.28 0.19 2.00
-0.68 -1.74 0.00
0.22 -0.08 2.00
-0.94 -0.98 0.00
-0.93 -1.24 0.00
-0.57 0.09 2.00
1.30 0.85 1.00
-0.78 -1.40 0.00
-1.26 -0.77 0.00
1.07 0.42 1.00
1.50 0.78 1.00
1.11 0.66 1.00
-0.92 0.38 2.00
-0.38 0.31 2.00
-0.97 -1.14 0.00
-0.83 -1.18 0.00
-0.95 -1.08 0.00
-0.92 -2.07 0.00
1.12 0.62 1.00
-1.15 -1.30 0.00
-0.87 -0.92 0.00
-1.31 -1.22 0.00
-1.19 -1.54 0.00
-1.27 -1.19 0.00
1.11 0.81 1.00
-1.25 -1.30 0.00
-0.53 2.23 2.00
-0.10 -0.41 2.00
1.09 0.83 1.00
-1.20 -1.27 0.00
1.17 0.73 1.00
1.30 0.73 1.00
-0.82 0.09 2.00
-1.54 -1.51 0.00
-1.31 -1.35 0.00
1.11 0.91 1.00
1.06 0.46 1.00
-0.99 -1.22 0.00
1.21 0.84 1.00
1.14 1.01 1.00
-0.78 -1.13 0.00
1.34 0.59 1.00
1.17 0.82 1.00
-0.36 1.08 2.00
-0.72 1.03 2.00
-0.29 -0.28 2.00
1.29 0.86 1.00
-0.79 -1.28 0.00
0.69 1.53 1.00
1.33 0.61 1.00
-1.29 -1.62 0.00
-0.33 1.03 2.00
-1.36 -1.58 0.00
-0.78 -0.03 2.00
1.12 0.96 1.00
-1.18 -0.88 0.00
-1.22 -0.95 0.00
-1.04 -0.90 0.00
1.00 0.28 1.00
-0.26 1.44 2.00
-0.94 -0.79 0.00
1.18 0.73 1.00
1.15 0.89 1.00
1.22 0.73 1.00
-0.94 1.32 2.00
-1.08 -1.70 0.00
-1.00 -1.01 0.00
-1.00 -1.80 0.00
-0.05 1.45 2.00
0.41 0.45 2.00
1.27 0.81 1.00
-0.75 1.71 2.00
1.37 0.73 1.00
1.18 0.57 1.00
1.20 0.48 1.00
-0.19 -0.43 2.00
-1.00 -1.16 0.00
1.32 0.50 1.00
-1.05 -1.44 0.00
0.03 -0.29 2.00
0.02 0.07 2.00
1.01 0.72 1.00
-0.36 0.28 2.00
1.17 0.77 1.00
1.00 0.52 1.00
1.25 0.79 1.00
-0.64 0.14 2.00
-1.00 -1.34 0.00
-1.05 -1.56 0.00
0.52 -0.34 2.00
1.19 1.01 1.00
-0.02 1.73 2.00
1.29 0.52 1.00
0.08 0.64 2.00
-0.28 1.83 2.00
-1.09 -1.13 0.00
-0.23 0.47 2.00
-1.10 -0.73 0.00
-0.81 0.46 2.00
1.35 0.62 1.00
-1.46 -1.03 0.00
-1.07 -0.83 0.00
-1.21 -1.40 0.00
-0.20 1.08 2.00
-1.36 -1.38 0.00
-0.06 0.33 2.00
-0.92 -1.16 0.00
-1.15 -1.60 0.00
-1.23 -1.49 0.00
1.24 0.98 1.00
1.24 0.77 1.00
-0.93 -1.33 0.00
1.17 0.97 1.00
1.37 0.48 1.00
1.12 0.43 1.00
-0.55 -1.14 0.00
-0.77 -1.53 0.00
-0.80 -1.50 0.00
-1.20 -0.88 0.00
1.19 0.88 1.00
-1.31 -1.12 0.00
0.10 -0.17 2.00
-0.91 -0.85 0.00
1.21 0.74 1.00
-0.89 -1.49 0.00
0.47 -0.55 2.00
0.03 -0.59 2.00
-1.01 -0.87 0.00
-1.20 -0.67 0.00
-0.31 -0.53 0.00
1.25 0.54 1.00
1.06 0.96 1.00
1.32 0.68 1.00
-0.09 -0.25 2.00
-0.92 -1.41 0.00
1.27 0.23 1.00
1.11 0.52 1.00
0.47 0.13 2.00
-0.87 0.82 2.00
-1.37 -0.86 0.00
0.48 0.85 1.00
1.41 0.85 1.00
1.15 0.84 1.00
-0.61 0.54 2.00
1.16 0.99 1.00
-0.07 2.54 2.00
1.14 0.35 1.00
1.22 0.69 1.00
-1.43 -1.63 0.00
1.22 0.86 1.00
-0.17 1.29 2.00
1.22 0.79 1.00
1.12 -0.29 1.00
1.24 0.76 1.00
-1.04 0.32 2.00
1.31 0.83 1.00
0.66 2.59 1.00
-0.61 -1.49 0.00
-0.75 -0.84 0.00
1.10 0.59 1.00
-0.73 -1.14 0.00
-0.82 -1.32 0.00
-1.29 -1.07 0.00
1.21 0.63 1.00
1.19 0.35 1.00
-0.02 1.85 2.00
1.11 0.93 1.00
1.21 0.81 1.00
-1.15 -1.29 0.00
-0.95 -1.22 0.00
-0.66 -0.32 0.00
1.42 0.73 1.00
-0.01 1.00 2.00
-0.28 0.08 2.00
-1.24 -1.45 0.00
-0.33 0.70 2.00
-1.36 -1.14 0.00
-1.01 1.02 2.00
-0.98 -1.69 0.00
1.29 0.87 1.00
1.34 0.84 1.00
1.42 0.93 1.00
-0.71 0.13 2.00
-1.52 -1.33 0.00
1.24 0.62 1.00
-1.08 -1.08 0.00
1.18 0.85 1.00
-0.17 1.12 2.00
-0.39 1.72 2.00
-1.21 -1.07 0.00
-0.99 0.00 2.00
-0.58 1.19 2.00
1.33 0.72 1.00
-1.13 -0.73 0.00
-0.87 -1.23 0.00
1.16 0.93 1.00
-1.62 -1.63 0.00
-0.34 0.80 2.00
-1.02 -1.47 0.00
1.19 1.82 1.00
-0.71 -0.80 0.00
-0.13 1.44 2.00
1.27 0.73 1.00
-0.92 -1.49 0.00
-1.00 -1.43 0.00
-0.06 0.48 2.00
-0.25 -0.18 2.00
-1.17 -0.93 0.00
1.24 0.66 1.00
-0.95 -1.01 0.00
-0.03 0.52 2.00
1.19 0.87 1.00
-0.02 1.45 2.00
-0.75 -1.01 0.00
1.17 0.45 1.00
-0.31 -0.53 0.00
-0.94 -1.36 0.00
1.30 0.54 1.00
-0.77 -0.98 0.00
0.50 0.59 1.00
1.07 0.70 1.00
1.06 0.59 1.00
1.43 0.66 1.00
1.13 0.57 1.00
1.12 0.72 1.00
-0.81 -1.30 0.00
1.21 0.72 1.00
-1.03 -1.38 0.00
0.98 0.83 1.00
-1.02 -1.44 0.00
1.37 0.39 1.00
-0.17 -0.23 2.00
-0.88 0.98 2.00
1.30 0.48 1.00
1.29 0.67 1.00
-1.12 -0.59 0.00
-1.04 0.30 2.00
-1.46 -1.12 0.00
1.08 0.64 1.00
-0.69 0.76 2.00
-1.56 -0.86 0.00
-0.91 -0.79 0.00
-0.49 -0.78 0.00
-1.05 -1.78 0.00
-1.08 -1.24 0.00
1.12 0.83 1.00
-1.18 0.14 2.00
-0.43 0.41 2.00
1.45 0.64 1.00
0.29 -1.25 0.00
1.27 0.54 1.00
-0.88 -0.93 0.00
-0.16 0.40 2.00
0.29 -0.41 2.00
0.92 0.62 1.00
0.09 0.09 2.00
-0.66 1.74 2.00
-0.08 -0.27 2.00
0.32 -0.46 2.00
-0.80 -1.87 0.00
-0.56 1.57 2.00
-0.02 -0.06 2.00
1.34 0.86 1.00
-1.64 -1.01 0.00
1.39 0.86 1.00
-1.06 -1.49 0.00
1.17 0.63 1.00
0.03 1.37 2.00
-1.26 -1.50 0.00
-1.08 -1.20 0.00
-1.02 0.29 2.00
-0.24 0.95 2.00
-1.45 -1.32 0.00
1.00 0.76 1.00
1.20 0.47 1.00
1.24 0.63 1.00
-0.90 -1.26 0.00
0.05 -0.42 2.00
-1.48 -0.89 0.00
1.34 0.73 1.00
-0.66 1.56 2.00
-0.93 -1.53 0.00
-1.14 -0.95 0.00
-0.05 1.14 2.00
-1.06 -0.01 2.00
0.29 -1.06 0.00
0.12 0.91 2.00
-0.11 0.83 2.00
1.12 0.46 1.00
-1.27 1.84 2.00
1.38 0.61 1.00
-0.83 0.25 2.00
-0.62 0.89 2.00
-1.52 -1.19 0.00
0.06 -0.11 2.00
1.13 0.63 1.00
-0.73 2.06 2.00
1.24 0.67 1.00
1.11 0.67 1.00
-0.92 -1.17 0.00
1.14 0.95 1.00
-0.75 -1.56 0.00
-1.07 0.84 2.00
-0.65 -1.46 0.00
1.42 0.78 1.00
1.24 0.74 1.00
-0.85 -1.51 0.00
0.31 0.33 2.00
1.35 0.87 1.00
-1.28 -0.99 0.00
-1.41 -1.20 0.00
-0.98 -1.24 0.00
-0.23 0.70 2.00
-1.21 -1.05 0.00
1.26 1.01 1.00
-0.07 1.04 2.00
1.26 0.80 1.00
-1.16 -1.10 0.00
1.22 0.69 1.00
-1.33 -0.81 0.00
-1.11 -1.19 0.00
-0.86 -1.48 0.00
-1.07 -0.80 0.00
-0.33 -0.83 0.00
1.11 0.73 1.00
-1.22 -1.38 0.00
-1.12 0.11 2.00
0.07 -0.23 2.00
-0.87 -1.33 0.00
1.21 0.79 1.00
-0.97 -0.77 0.00
1.21 0.84 1.00
-0.25 0.80 2.00
-0.67 0.16 2.00
-0.26 1.00 2.00
1.30 0.69 1.00
0.25 1.98 2.00
1.14 0.84 1.00
1.21 0.73 1.00
-1.21 -1.43 0.00
-1.18 -0.96 0.00
-0.98 -1.05 0.00
0.19 0.83 2.00
-0.80 -0.44 0.00
1.21 0.62 1.00
-1.30 -1.37 0.00
0.28 0.91 2.00
-1.21 -0.84 0.00
0.59 0.31 1.00
-1.00 -0.72 0.00
1.04 0.90 1.00
1.32 0.74 1.00
-1.18 -0.98 0.00
1.29 0.63 1.00
-0.89 -1.26 0.00
1.07 0.86 1.00
-0.76 2.84 2.00
-0.16 0.01 2.00
1.23 0.46 1.00
-0.53 -0.00 2.00
1.09 0.60 1.00
-1.23 -1.61 0.00
0.79 0.69 1.00
0.03 -0.07 2.00
0.23 -0.58 2.00
0.16 0.48 2.00
-1.08 -1.31 0.00
1.23 0.93 1.00
1.22 0.55 1.00
1.29 0.65 1.00
1.21 0.86 1.00
1.40 0.80 1.00
1.14 0.77 1.00
-1.50 -1.33 0.00
-0.68 2.90 2.00
-0.24 0.37 2.00
-1.25 -1.63 0.00
1.26 0.64 1.00
0.81 1.12 1.00
-0.20 -1.06 0.00
-1.05 0.72 2.00
1.36 0.81 1.00
-0.58 0.61 2.00
-1.10 -1.12 0.00
1.32 0.70 1.00
1.28 0.61 1.00
0.12 0.35 2.00
-0.45 0.25 2.00
1.43 0.86 1.00
1.21 0.73 1.00
-1.51 -0.89 0.00
-0.81 -0.99 0.00
1.17 0.69 1.00
1.43 0.72 1.00
-1.27 -1.36 0.00
-0.27 1.19 2.00
-0.45 -0.05 2.00
-0.69 0.54 2.00
0.13 0.70 2.00
-1.19 -1.61 0.00
-0.57 0.90 2.00
1.24 0.65 1.00
-1.40 -1.23 0.00
-1.15 -1.39 0.00
0.76 -0.23 1.00
1.34 0.57 1.00
-0.74 -0.88 0.00
-0.95 -0.55 0.00
-0.73 -0.53 0.00
1.11 0.55 1.00
-0.18 0.14 2.00
-1.07 -0.89 0.00
0.60 1.23 1.00
-0.78 -1.09 0.00
1.09 0.71 1.00
1.18 0.76 1.00
-0.61 1.59 2.00
-0.42 -0.19 2.00
-0.58 0.72 2.00
-0.20 -0.12 2.00
1.31 0.87 1.00
1.21 0.42 1.00
-0.09 1.14 2.00
-1.03 -1.00 0.00
1.26 0.44 1.00
1.18 0.70 1.00
0.29 0.56 2.00
1.33 0.72 1.00
0.67 -0.46 1.00
-0.75 -1.42 0.00
-0.43 -0.33 2.00
-1.28 -1.11 0.00
-0.43 0.53 2.00
-0.51 1.28 2.00
-0.74 0.13 2.00
-0.68 0.55 2.00
1.06 0.48 1.00
1.40 0.63 1.00
1.35 0.67 1.00
-0.07 0.22 2.00
1.19 0.80 1.00
1.24 0.60 1.00
-0.99 -0.67 0.00
0.71 -0.81 1.00
-1.11 -1.42 0.00
1.19 0.81 1.00
-0.30 0.48 2.00
0.26 -0.43 2.00
-0.86 -1.51 0.00
1.02 0.50 1.00
1.22 0.83 1.00
-0.36 1.17 2.00
1.30 0.40 1.00
-1.34 -1.72 0.00
1.27 0.54 1.00
-0.81 -1.32 0.00
-1.10 -1.32 0.00
1.47 0.54 1.00
1.16 0.56 1.00
-0.58 1.35 2.00
-0.25 1.11 2.00
-0.42 -0.38 2.00
-1.12 -1.12 0.00
-1.50 -1.55 0.00
-0.30 -0.51 0.00
0.17 0.65 2.00
-0.96 -1.30 0.00
-0.13 -0.50 2.00
1.12 0.59 1.00
1.07 0.89 1.00
-0.94 -0.78 0.00
-0.16 0.82 2.00
-1.00 -1.10 0.00
-0.98 -1.62 0.00
-0.97 -0.78 0.00
-1.01 -1.55 0.00
0.18 1.62 2.00
-0.49 -0.97 0.00
-1.15 -1.44 0.00
1.20 0.75 1.00
-0.12 0.43 2.00
-0.97 -1.98 0.00
0.49 1.52 1.00
-1.15 -1.44 0.00
1.24 0.82 1.00
-1.30 -2.32 0.00
-1.52 -0.78 0.00
1.11 0.71 1.00
1.41 0.73 1.00
1.19 0.68 1.00
1.32 0.62 1.00
0.25 1.54 2.00
1.17 0.40 1.00
-1.08 -0.94 0.00
-0.31 -0.63 0.00
-1.21 -0.58 0.00
0.46 0.37 2.00
1.34 0.78 1.00
-1.21 -1.06 0.00
-1.24 -1.27 0.00
-0.84 -0.37 0.00
-0.64 0.69 2.00
-1.17 -1.98 0.00
-0.72 -1.43 0.00
-0.28 1.00 2.00
0.35 0.92 2.00
1.24 0.70 1.00
1.31 0.77 1.00
1.25 0.88 1.00
0.16 0.26 2.00
-1.02 -0.45 0.00
-0.60 -0.70 0.00
-0.50 1.62 2.00
-1.01 -1.36 0.00
1.08 0.56 1.00
1.24 0.74 1.00
-0.95 -0.78 0.00
-0.46 1.22 2.00
-1.63 -0.45 0.00
1.16 0.96 1.00
1.42 0.34 1.00
-0.31 0.31 2.00
-0.96 -1.59 0.00
-1.07 -1.40 0.00
1.20 0.95 1.00
1.27 0.73 1.00
1.12 0.46 1.00
1.11 0.67 1.00
-0.87 2.35 2.00
-0.35 2.04 2.00
1.20 0.88 1.00
0.06 -0.03 2.00
1.18 0.80 1.00
-0.09 1.04 2.00
-0.98 -1.13 0.00
0.79 1.99 1.00
1.24 0.55 1.00
-0.15 1.02 2.00
1.16 0.72 1.00
-0.14 0.22 2.00
-0.19 1.07 2.00
-1.39 -1.35 0.00
-1.52 -1.27 0.00
-1.24 -1.48 0.00
1.05 0.65 1.00
0.68 0.84 1.00
0.82 -0.46 1.00
1.27 0.52 1.00
-0.96 -1.51 0.00
1.19 0.85 1.00
-0.08 -0.28 2.00
-1.11 -1.62 0.00
1.10 0.82 1.00
0.72 -0.01 1.00
1.19 0.75 1.00
-1.03 -1.42 0.00
-1.12 -1.16 0.00
1.16 0.49 1.00
-1.25 -1.58 0.00
0.36 -0.38 2.00
0.73 0.53 1.00
0.07 2.35 2.00
1.20 0.62 1.00
1.27 1.08 1.00
1.30 0.75 1.00
1.19 0.74 1.00
1.15 0.48 1.00
1.37 0.63 1.00
1.21 0.63 1.00
-1.03 -0.87 0.00
-0.66 -1.03 0.00
-1.16 -1.00 0.00
-1.30 -0.91 0.00
-1.05 -1.40 0.00
1.14 0.62 1.00
1.13 0.80 1.00
1.11 0.85 1.00
1.13 0.58 1.00
1.42 0.58 1.00
0.45 0.90 2.00
-1.20 -1.44 0.00
0.19 -0.90 0.00
1.08 0.01 1.00
1.19 0.60 1.00
-1.40 -1.07 0.00
1.13 0.44 1.00
-1.00 -0.75 0.00
-1.15 -1.10 0.00
0.07 -0.43 2.00
-0.34 0.56 2.00
-0.95 -1.66 0.00
1.26 0.56 1.00
-1.31 -1.21 0.00
-0.99 -0.95 0.00
0.33 1.01 2.00
1.26 0.48 1.00
-1.18 -1.31 0.00
1.35 0.78 1.00
-1.00 0.64 2.00
-1.16 -1.63 0.00
-2.00 0.21 0.00
-0.72 2.27 2.00
-0.91 0.99 2.00
1.33 0.71 1.00
-1.38 -1.14 0.00
1.40 0.78 1.00
-0.91 -1.59 0.00
-0.90 -1.64 0.00
-0.01 0.01 2.00
0.52 0.60 1.00
1.24 0.84 1.00
-0.54 0.53 2.00
1.20 1.04 1.00
-1.32 -2.10 0.00
-1.08 -1.09 0.00
1.30 0.82 1.00
-1.03 -1.20 0.00
1.25 0.60 1.00
-0.28 -1.08 0.00
1.34 0.72 1.00
1.21 0.74 1.00
-1.28 -1.29 0.00
-0.96 -1.26 0.00
1.41 0.51 1.00
0.02 -0.59 2.00
1.24 1.08 1.00
1.20 0.90 1.00
1.21 0.84 1.00
0.25 1.10 2.00
0.49 2.18 1.00
-0.61 1.00 2.00
-1.19 -1.20 0.00
1.22 0.73 1.00
1.09 0.61 1.00
1.21 0.63 1.00
-1.09 -0.61 0.00
0.82 0.48 1.00
-0.26 -0.79 0.00
0.44 1.46 2.00
1.18 0.58 1.00
-0.94 0.34 2.00
-0.11 0.50 2.00
-0.13 2.29 2.00
-1.27 -1.27 0.00
-1.46 -0.98 0.00
-0.69 0.21 2.00
-0.06 0.67 2.00
-1.17 -1.72 0.00
-0.33 -0.58 0.00
-0.89 -0.95 0.00
-1.37 -0.68 0.00
-1.36 -0.01 0.00
-0.90 0.30 2.00
-1.54 1.55 2.00
1.32 0.71 1.00
0.17 1.41 2.00
-1.17 -1.22 0.00
0.14 0.38 2.00
-1.08 -0.98 0.00
-0.90 -1.28 0.00
1.16 1.04 1.00
-1.27 -1.52 0.00
-1.06 -1.29 0.00
0.14 1.03 2.00
1.14 0.73 1.00
1.30 0.47 1.00
1.20 0.39 1.00
-1.00 -0.91 0.00
-0.15 1.38 2.00
1.20 0.50 1.00
-0.26 0.61 2.00
0.76 0.23 1.00
-1.08 -1.12 0.00
-0.95 -1.37 0.00
1.25 0.54 1.00
-0.66 -1.46 0.00
1.33 0.85 1.00
-1.23 -1.17 0.00
-0.70 -1.41 0.00
1.28 0.22 1.00
1.27 0.72 1.00
0.50 0.54 2.00
-1.18 -1.49 0.00
-0.37 0.08 2.00
1.16 0.71 1.00
1.17 0.46 1.00
1.18 0.66 1.00
0.47 0.27 2.00
0.14 0.87 2.00
1.25 0.46 1.00
-0.57 -1.20 0.00
-0.26 -0.05 2.00
-1.03 -1.31 0.00
1.22 0.67 1.00
-1.04 -0.90 0.00
0.16 0.91 2.00
-0.19 0.34 2.00
-1.13 -1.18 0.00
-0.17 0.49 2.00
-1.04 -1.28 0.00
0.26 -0.62 2.00
1.18 0.93 1.00
0.32 0.38 2.00
1.31 0.60 1.00
-0.41 -0.06 2.00
1.36 0.75 1.00
-1.19 -0.84 0.00
-0.20 0.56 2.00
0.37 0.78 2.00
-0.77 0.16 2.00
-1.38 -1.61 0.00
1.13 0.80 1.00
1.18 0.70 1.00
0.35 -0.57 2.00
-1.38 -0.68 0.00
1.29 0.67 1.00
0.10 0.72 2.00
-1.44 -0.72 0.00
1.21 0.51 1.00
-1.15 -1.16 0.00
1.24 0.63 1.00
0.42 -0.11 2.00
1.23 0.87 1.00
1.27 1.02 1.00
0.32 0.43 2.00
1.03 0.92 1.00
1.29 0.84 1.00
0.32 -0.17 2.00
1.33 0.54 1.00
-1.13 -0.79 0.00
-1.16 -0.86 0.00
1.29 0.68 1.00
1.14 0.68 1.00
1.06 0.67 1.00
0.50 0.34 2.00
-1.53 -1.00 0.00
1.30 0.72 1.00
-1.72 -0.52 0.00
0.92 0.55 1.00
-1.32 -1.13 0.00
-0.12 0.25 2.00
1.21 0.68 1.00
1.35 0.52 1.00
-1.23 -0.59 0.00
0.32 0.12 2.00
-1.45 -0.86 0.00
0.16 0.03 2.00
-0.76 0.42 2.00
-0.63 -0.95 0.00
0.06 1.20 2.00
1.34 0.71 1.00
-1.46 -1.13 0.00
-1.02 -0.98 0.00
1.09 0.62 1.00
1.02 0.28 1.00
1.16 0.66 1.00
1.01 0.84 1.00
-0.99 -0.81 0.00
-0.87 -1.07 0.00
-1.09 -1.28 0.00
1.21 0.90 1.00
0.11 -0.17 2.00
-1.18 -1.14 0.00
-1.13 -0.81 0.00
1.04 0.65 1.00
-0.79 0.15 2.00
1.08 1.01 1.00
-1.17 -1.28 0.00
-1.40 -1.24 0.00
-0.74 -1.39 0.00
1.33 0.75 1.00
-0.75 -0.98 0.00
-0.84 0.14 2.00
-1.50 -0.82 0.00
-1.00 -1.85 0.00
-0.77 -1.08 0.00
-1.17 -1.37 0.00
-0.44 -0.83 0.00
-0.36 0.15 2.00
1.29 0.60 1.00
1.11 0.78 1.00
-1.20 -0.67 0.00
-1.01 -1.14 0.00
-0.27 -0.21 2.00
1.01 0.32 1.00
-1.11 -1.54 0.00
-0.48 0.39 2.00
1.21 0.69 1.00
-1.25 -1.43 0.00
1.36 0.67 1.00
-1.36 -1.04 0.00
-0.84 -1.06 0.00
-0.26 -0.48 0.00
-0.67 -0.80 0.00
-0.94 -1.09 0.00
1.08 0.77 1.00
-0.47 1.73 2.00
1.15 0.96 1.00
-0.74 -0.79 0.00
0.94 0.59 1.00
1.28 0.76 1.00
1.12 0.84 1.00
1.15 0.69 1.00
-0.61 0.76 2.00
-0.28 0.46 2.00
-0.53 0.73 2.00
1.00 0.73 1.00
-0.95 -1.45 0.00
-0.29 0.01 2.00
0.05 0.64 2.00
-1.04 -1.12 0.00
-1.39 -1.39 0.00
-0.64 1.00 2.00
0.03 1.33 2.00
-0.54 0.40 2.00
-0.01 1.80 2.00
-0.77 -1.01 0.00
1.18 0.39 1.00
0.31 -0.38 2.00
0.88 0.39 1.00
1.22 0.68 1.00
-0.88 0.89 2.00
0.12 0.90 2.00
1.32 0.88 1.00
-1.22 -1.05 0.00
-1.18 -1.20 0.00
-1.09 -0.91 0.00
1.34 0.68 1.00
-0.88 -1.26 0.00
-0.89 -1.39 0.00
1.31 0.61 1.00
-0.66 -0.06 2.00
-1.01 -0.98 0.00
-1.10 -1.51 0.00
-0.61 0.26 2.00
1.28 1.12 1.00
-1.27 -0.91 0.00
1.38 0.66 1.00
1.15 0.75 1.00
1.22 0.66 1.00
-0.50 0.15 2.00
-0.94 -1.43 0.00
1.25 0.93 1.00
-0.92 -1.75 0.00
0.06 0.52 2.00
1.30 0.60 1.00
-0.75 -1.63 0.00
0.25 0.41 2.00
-0.08 -0.33 2.00
-1.19 -1.61 0.00
-1.04 -1.39 0.00
1.23 0.69 1.00
1.13 0.87 1.00
-1.21 -1.22 0.00
1.04 0.68 1.00
-0.22 1.06 2.00
-1.00 -1.42 0.00
-1.21 -1.13 0.00
0.23 1.06 2.00
-1.31 -1.15 0.00
1.15 0.79 1.00
0.23 1.17 2.00
1.18 0.95 1.00
1.14 0.74 1.00
1.11 0.77 1.00
-0.87 0.85 2.00
1.29 0.73 1.00
-0.87 -1.65 0.00
-0.38 0.46 2.00
-1.03 -1.34 0.00
1.25 0.60 1.00
-0.74 -0.89 0.00
-1.37 -1.13 0.00
-0.04 -0.11 2.00
1.12 0.64 1.00
-0.85 0.51 2.00
-1.11 -1.05 0.00
-0.08 0.92 2.00
-0.23 1.05 2.00
1.22 0.59 1.00
-1.17 -1.02 0.00
-1.28 -1.15 0.00
1.25 0.34 1.00
-0.45 0.03 2.00
-0.47 1.15 2.00
-0.75 -0.74 0.00
0.37 0.64 2.00
-1.12 -1.10 0.00
-0.61 1.71 2.00
-0.89 -0.97 0.00
-0.77 -1.01 0.00
1.17 0.59 1.00
1.06 0.67 1.00
1.22 0.91 1.00
-0.26 0.39 2.00
-0.88 -1.46 0.00
0.23 0.36 2.00
-0.10 0.60 2.00
-1.20 -2.09 0.00
1.33 1.14 1.00
-0.16 1.19 2.00
-1.15 -0.80 0.00
-0.85 -1.71 0.00
-1.35 -1.58 0.00
-0.28 -0.50 0.00
-0.63 0.81 2.00
-0.31 0.30 2.00
1.27 0.64 1.00
0.70 -0.43 1.00
-0.01 1.23 2.00
1.16 0.82 1.00
1.34 1.05 1.00
-1.14 -1.51 0.00
1.03 0.40 1.00
-0.74 -1.04 0.00
-0.43 0.07 2.00
-0.93 -1.11 0.00
1.25 0.68 1.00
-0.95 -1.01 0.00
-1.10 -1.32 0.00
-1.37 -1.60 0.00
1.20 0.70 1.00
1.17 0.65 1.00
0.25 0.28 2.00
1.11 0.75 1.00
-1.21 -1.21 0.00
-1.12 -1.58 0.00
1.14 0.51 1.00
-1.35 -1.43 0.00
1.21 0.82 1.00
-0.19 2.40 2.00
1.26 0.41 1.00
1.27 0.85 1.00
0.21 0.84 2.00
-0.69 0.05 2.00
1.25 0.88 1.00
-1.04 -1.19 0.00
-0.62 1.15 2.00
-1.12 -1.00 0.00
-1.27 -0.62 0.00
0.93 1.46 1.00
0.05 -0.28 2.00
-0.83 -1.30 0.00
0.38 -0.08 2.00
-0.42 0.36 2.00
-0.24 0.23 2.00
-1.21 -1.49 0.00
-0.80 -1.60 0.00
0.22 1.01 2.00
1.29 0.91 1.00
0.09 1.25 2.00
-0.21 -0.02 2.00
0.26 0.42 2.00
-0.31 0.75 2.00
-0.25 -0.25 2.00
-1.06 -1.43 0.00
-0.71 0.44 2.00
-1.26 -0.73 0.00
-1.16 -1.21 0.00
1.27 0.87 1.00
1.21 0.86 1.00
0.79 0.42 1.00
-1.03 -0.96 0.00
-0.74 1.34 2.00
-1.47 -1.18 0.00
-0.88 -1.30 0.00
1.31 0.49 1.00
-1.09 -1.37 0.00
-0.82 -1.63 0.00
1.08 0.47 1.00
1.21 0.70 1.00
-1.35 -1.60 0.00
1.21 0.72 1.00
-0.47 0.82 2.00
1.12 0.56 1.00
-1.21 -1.55 0.00
-1.21 -1.98 0.00
0.49 0.15 2.00
1.43 0.81 1.00
1.23 0.62 1.00
0.47 1.29 1.00
1.16 0.70 1.00
1.27 0.54 1.00
-0.80 -1.13 0.00
1.23 0.72 1.00
-0.12 0.73 2.00
1.44 0.49 1.00
-1.01 -0.57 0.00
1.22 0.78 1.00
1.22 0.65 1.00
1.28 0.79 1.00
-0.97 -1.48 0.00
-0.79 -1.18 0.00
-1.13 -1.46 0.00
-1.01 -1.95 0.00
0.45 -0.23 2.00
-1.03 -1.48 0.00
0.71 0.95 1.00
-0.94 0.83 2.00
-0.75 -1.04 0.00
-0.95 -1.47 0.00
1.24 0.73 1.00
1.08 0.74 1.00
1.62 0.34 1.00
-0.12 0.18 2.00
-0.52 0.71 2.00
0.46 -0.12 2.00
-1.29 -1.41 0.00
1.16 0.61 1.00
1.31 0.62 1.00
1.32 0.67 1.00
-0.11 -0.04 2.00
1.17 0.55 1.00
0.44 0.05 2.00
-0.98 -1.10 0.00
0.41 -0.02 2.00
1.13 0.65 1.00
-1.23 -1.29 0.00
1.23 0.75 1.00
1.41 0.70 1.00
-0.92 -1.37 0.00
1.26 0.70 1.00
-1.39 -1.02 0.00
0.22 -0.02 2.00
-0.43 0.55 2.00
0.62 -0.01 1.00
1.39 0.67 1.00
1.54 0.59 1.00
1.18 0.73 1.00
-1.00 -1.06 0.00
1.33 0.58 1.00
1.17 0.93 1.00
1.27 1.04 1.00
-0.15 0.57 2.00
-0.81 -1.18 0.00
-1.25 -0.72 0.00
-1.19 -1.12 0.00
1.22 0.71 1.00
0.15 0.40 2.00
1.09 0.77 1.00
-1.15 -1.32 0.00
0.70 1.08 1.00
0.16 -0.07 2.00
1.34 0.81 1.00
1.35 0.89 1.00
-0.55 -0.80 0.00
1.43 0.81 1.00
-1.28 -1.49 0.00
-1.02 -1.34 0.00
1.13 0.76 1.00
1.20 0.58 1.00
1.03 0.90 1.00
0.30 1.48 2.00
1.21 0.61 1.00
-0.27 1.90 2.00
-1.18 -0.12 0.00
0.26 1.28 2.00
-0.96 -0.86 0.00
1.24 0.64 1.00
1.18 0.67 1.00
-1.04 -1.03 0.00
-0.74 -1.74 0.00
0.27 0.82 2.00
-1.11 -1.73 0.00
-1.03 -1.53 0.00
-0.89 -1.54 0.00
0.99 0.59 1.00
-1.09 -1.13 0.00
-0.78 -1.82 0.00
1.29 0.93 1.00
0.97 0.93 1.00
-1.41 -1.27 0.00
0.47 1.08 2.00
-1.16 -1.79 0.00
-0.45 -0.15 2.00
-0.74 1.50 2.00
-0.88 -1.19 0.00
0.11 0.30 2.00
-0.04 0.97 2.00
0.16 0.20 2.00
-0.82 -0.75 0.00
-1.13 0.76 2.00
-1.45 0.67 2.00
-1.45 -0.89 0.00
0.58 0.15 1.00
1.15 0.82 1.00
-0.06 0.91 2.00
1.43 0.93 1.00
-0.76 -1.05 0.00
1.10 0.56 1.00
1.15 0.70 1.00
1.19 0.89 1.00
-0.91 -1.00 0.00
-0.19 0.34 2.00
1.14 0.33 1.00
-1.36 -1.44 0.00
-1.10 -0.81 0.00
1.24 0.86 1.00
-0.01 1.02 2.00
1.15 0.56 1.00
0.94 0.58 1.00
1.26 0.57 1.00
1.19 0.95 1.00
-1.22 -1.30 0.00
-0.14 0.58 2.00
-0.44 1.73 2.00
1.20 0.99 1.00
-1.32 -1.08 0.00
1.27 0.63 1.00
-0.99 -1.64 0.00
0.12 1.29 2.00
1.16 0.49 1.00
0.98 0.75 1.00
1.22 0.64 1.00
